[2.461, 2.467, 2.478, 2.495, 2.517, 2.541, 2.575, 2.61, 2.648, 2.69, 2.734, 2.783, 2.835, 2.89, 2.938, 3.006, 3.074, 3.144, 3.217, 3.295, 3.386]
[2.497, 2.505, 2.521, 2.537, 2.558, 2.588, 2.62, 2.656, 2.695, 2.739, 2.786, 2.837, 2.894]
[2.5, 2.513, 2.534, 2.563, 2.595, 2.636, 2.688, 2.734, 2.792, 2.857, 2.926, 2.997, 3.077, 3.155, 3.24, 3.327, 3.421, 3.515, 3.617, 3.726, 3.842, 3.964, 4.1, 4.252]
[2.602, 2.62, 2.644, 2.673, 2.708, 2.748, 2.794, 2.847, 2.9, 2.959, 3.023, 3.092, 3.164, 3.243, 3.325, 3.412, 3.505, 3.602, 3.708]
[2.602, 2.621, 2.645, 2.681, 2.716, 2.761, 2.819, 2.88, 2.947, 3.025, 3.112, 3.202, 3.3, 3.4, 3.517, 3.624, 3.751, 3.878, 4.013, 4.158, 4.316, 4.491]
[2.775, 2.8, 2.832, 2.868, 2.915, 2.962, 3.016, 3.079, 3.152, 3.222, 3.305, 3.384, 3.477, 3.569, 3.67, 3.774, 3.885, 4.002, 4.126, 4.258, 4.41]
[2.774, 2.8, 2.831, 2.867, 2.913, 2.963, 3.021, 3.083, 3.157, 3.236, 3.322, 3.417, 3.518, 3.62, 3.735, 3.846, 3.95]
[3.017, 3.048, 3.087, 3.132, 3.184, 3.243, 3.309, 3.386, 3.461, 3.546, 3.639, 3.735, 3.84, 3.948, 4.068, 4.189, 4.318, 4.456, 4.6, 4.756]
[3.017, 3.048, 3.086, 3.132, 3.183, 3.244, 3.311, 3.382, 3.461, 3.548, 3.638, 3.737, 3.841, 3.954, 4.072, 4.186, 4.294, 4.406, 4.518, 4.634]
[3.323, 3.365, 3.413, 3.468, 3.53, 3.598, 3.672, 3.753, 3.838, 3.931, 4.029, 4.133, 4.241, 4.354, 4.472, 4.592, 4.715]
[3.672, 3.752, 3.836, 3.932, 4.028, 4.133, 4.239, 4.349, 4.466, 4.584, 4.693]
[3.699, 3.752, 3.813, 3.88, 3.955, 4.042, 4.124, 4.22, 4.324, 4.429, 4.545, 4.662, 4.787, 4.923, 5.05, 5.191, 5.332, 5.485, 5.637, 5.8, 5.958, 6.125, 6.286]
[4.429, 4.541, 4.661, 4.787, 4.917, 5.047, 5.184, 5.332, 5.476, 5.622, 5.77, 5.923, 6.075, 6.22]
[4.143, 4.212, 4.291, 4.378, 4.472, 4.574, 4.678, 4.796, 4.922, 5.052, 5.185, 5.326, 5.465, 5.621, 5.787, 5.935, 6.1, 6.258, 6.435]
[5.473, 5.617, 5.79, 5.937, 6.096, 6.266, 6.43, 6.601, 6.772, 6.941, 7.109]
[4.651, 4.754, 4.867, 4.988, 5.118, 5.255, 5.4, 5.55, 5.706, 5.868, 6.035, 6.207, 6.383, 6.565, 6.743, 6.93, 7.114, 7.311]
