[3.6325600000000122, 3.630423999999948, 3.626299999999901, 3.6202769999999873, 3.613411000000042, 3.605570999999941, 3.598645000000033, 3.5925459999999703, 3.5861169999999447, 3.5819499999998925, 3.5790140000000292, 3.5772160000000213, 3.5766069999999672, 3.577682999999979, 3.579494000000068, 3.5832960000000185, 3.5874300000000403, 3.5926919999999427, 3.5994069999999283]
[3.5875939999999673, 3.5860830000000306, 3.58442500000001, 3.5824029999999993, 3.580515000000105, 3.5785640000000285, 3.5768000000000484, 3.575134000000048, 3.574037999999973, 3.5739620000000514, 3.573853999999983, 3.574555000000032, 3.578021999999919, 3.578895999999986, 3.5815470000000005, 3.586221000000023, 3.591946000000007, 3.5999000000001615]
[3.5837850000000344, 3.5758050000000594, 3.5654899999999543, 3.5505940000000464, 3.5326430000000073, 3.5115349999999808, 3.4878740000000334, 3.4620459999999866, 3.434436000000005, 3.4057840000000397, 3.3765769999999975, 3.3477499999999054, 3.319975000000113, 3.2937349999999697, 3.2677349999999024, 3.2440110000000004, 3.221604999999954, 3.200664000000188, 3.178484000000026, 3.1620900000000347, 3.145907999999963, 3.127174999999852, 3.1107710000001134, 3.0947960000000876]
[3.448470999999927, 3.440607, 3.4330040000000963, 3.422003000000018, 3.4114909999999554, 3.3970500000000357, 3.3815510000000586, 3.364966000000095, 3.3471419999999625, 3.3279249999999365, 3.311189000000013, 3.29076299999997, 3.2726050000001123, 3.250727999999981, 3.230442000000039, 3.2143619999999373, 3.196476999999959, 3.1761589999998705, 3.15839700000015, 3.141471000000138, 3.124981999999818, 3.1091129999999794, 3.0942519999998694, 3.082149999999956, 3.065168999999969]
[3.445925999999986, 3.440537000000063, 3.429734999999937, 3.415903000000071, 3.3999959999999874, 3.3773109999999633, 3.3510980000000927, 3.3183879999999135, 3.283633000000009, 3.243678999999929, 3.20049999999992, 3.15657699999997, 3.1078180000001794, 3.0575309999999263, 3.0062360000001718, 2.9540210000000116, 2.9036599999999453, 2.8538330000001224, 2.8035479999998643, 2.754455999999891, 2.710055999999895, 2.664925999999923, 2.620881000000054, 2.578072999999904, 2.5370000000000346, 2.496259000000009, 2.455176000000165]
[3.2195669999999836, 3.21067400000004, 3.200597000000016, 3.185585999999944, 3.170441000000096, 3.151206000000002, 3.129639999999995, 3.106076999999914, 3.080654999999979, 3.052994000000126, 3.0233840000000782, 2.9904730000000654, 2.9573609999999917, 2.9225240000000667, 2.886447999999973, 2.8481759999999667, 2.809832000000142, 2.7703369999999268, 2.7323599999999715, 2.691364999999905, 2.652415000000019, 2.61282499999993, 2.573425000000043, 2.531409000000167, 2.492123999999876, 2.4519809999999325]
[3.2189109999999346, 3.2102479999999787, 3.1989569999999503, 3.1845730000000003, 3.1680439999998953, 3.1478399999999738, 3.1264190000000553, 3.0979790000000094, 3.0659619999998995, 3.030044000000089, 2.988935000000083, 2.9427689999999984, 2.8903969999998935, 2.8353819999999814, 2.772412999999915, 2.706863999999996, 2.6389630000001034, 2.5664019999999255, 2.493829999999889, 2.4184079999999994, 2.3423239999999623, 2.266399999999976, 2.188147000000072, 2.137632000000167, 2.0545640000000276, 1.9822459999998046, 1.9146690000000035, 1.846031000000039]
[2.9045959999999695, 2.893030000000067, 2.878926999999976, 2.8631800000000567, 2.840485000000058, 2.823082999999997, 2.8003499999999804, 2.7736569999999574, 2.7438740000000053, 2.714913999999908, 2.6780080000000908, 2.6419479999999567, 2.602245999999923, 2.5591139999999086, 2.5123630000000503, 2.466378000000077, 2.4148129999998673, 2.361695999999938, 2.308416999999963, 2.2526479999999083, 2.1919110000001183, 2.1343160000001262, 2.086379000000079, 2.021331999999802, 1.9570730000000367]
[2.877448999999956, 2.8614350000000286, 2.8437040000000025, 2.824549999999931, 2.800956000000042, 2.7742889999999534, 2.7449440000000322, 2.7113540000000285, 2.6731740000000173, 2.63474199999996, 2.588429000000133, 2.5380660000000717, 2.483054999999922, 2.4215220000000954, 2.35665199999994, 2.283141999999998, 2.205744999999979, 2.123307999999952, 2.0354859999999917, 1.9416309999999157, 1.8461859999999888, 1.7527149999998528, 1.6334119999999075]
[2.5006490000000667, 2.4881749999999556, 2.4711130000000594, 2.452592999999979, 2.432851000000028, 2.409806000000117, 2.385167999999794]
