New
Searching   0  0  0 near   1044.26932
                                          1  0  1  1042.86057 89.8  1044.26052

 Searching   1  0  1 near   1045.67477
+-0  0  0  1045.66450 84.2  1045.66450    2  0  2  1041.47709 79.6  1045.66665

 Searching   2  0  2 near   1048.47523
-+1  0  1  1047.06866 84.4  1048.46861    3  0  3  1040.11925 73.4  1048.46769

 Searching   3  0  3 near   1052.65003
+-2  0  2  1048.45497 75.8  1052.64453    4  0  4  1038.79600 72.4  1052.64336
  
 Searching   4  0  4 near   1058.16953
+ 3  0  3  1049.81657 78.7  1058.16501    5  0  5  1037.51287 70.7  1058.16421

 Searching   5  0  5 near   1064.99829
-p4  0  4  1051.14855 66.0  1064.99591    6  0  6  1036.26716 50.8  1064.99232
  
 Searching   6  0  6 near   1073.10065
- 5  0  5  1052.44833 72.7  1073.09967    7  0  7  1035.06060 68.7  1073.10015

 Searching   7  0  7 near   1082.44705
-+6  0  6  1053.72418 66.5  1082.44934    8  0  8  1033.87429 65.4  1082.44957

 Searching   8  0  8 near   1093.01810
- 7  0  7  1054.98318 40.6  1093.02273    9  0  9  1032.69985 58.6  1093.02301

 Searching   9  0  9 near   1104.80462
+ 8  0  8  1056.23747 60.0  1104.81275   10  0 10  1031.53154 57.2  1104.81277

 Searching  10  0 10 near   1117.80474
-+9  0  9  1057.49238 61.5  1117.81554   11  0 11  1030.36420 63.8  1117.81552

 Searching  11  0 11 near   1132.02047
+10  0 10  1058.75291 53.1  1132.03414   12  0 12  1029.19751 55.2  1132.03410

 Searching  12  0 12 near   1147.45512 0.016
+11  0 11  1060.02053 47.3  1147.47185   13  0 13  1028.03115 56.6  1147.47127

 Searching  13  0 13 near   1164.11197 0.017
+12  0 12  1061.29322 56.0  1164.12981   14  0 14  1026.86548 53.8  1164.12989

 Searching  14  0 14 near   1182.01139   ????
+13  0 13  1062.56642 85.1  1182.00654   15  0 15  1025.69155 76.1  1182.00285
-I

-13  0 13  1062.57997  5.1  1182.02009   15  0 15  1025.71111 70.5  1182.02241

Searching  15  0 15 near   1201.11837
+14  0 14  1063.85454 55.7  1201.11895   16  0 16  1024.53515 41.3  1201.11722


 Searching  16  0 16 near   1221.45176 
+15  0 15  1065.14386 60.8  1221.45516   17  0 17  1023.37820 55.4  1221.45572


 Searching  17  0 17 near   1243.01219
+16  0 16  1066.43835 53.8  1243.02042   18  0 18  1022.22296 47.3  1243.02105

 Searching  18  0 18 near   1265.79994
-17  0 17  1067.73643 70.3  1265.81394   19  0 19  1021.07102 49.4  1265.81509

 Searching  19  0 19 near   1289.81507
-18  0 18  1069.03984 10.0  1289.83793   20  0 20  1019.92363 68.1  1289.83913

 Searching  20  0 20 near   1315.08693
+19  0 19  1070.35606 69.4  1315.10013   21  0 21  1018.78867 49.0  1315.10104


New
 Searching   1  1  1 near   1047.76169
                                          1  1  0  1044.12562 76.4  1047.75604
                                          2  1  2  1041.66853 84.5  1047.75560

 Searching   2  1  2 near   1050.39855
+-1  1  1  1046.93350 87.0  1050.39231    2  1  1  1043.79065 90.4  1050.39256
                                          3  1  3  1040.36947 77.0  1050.39265

 Searching   3  1  3 near   1054.34748
+ 2  1  2  1048.25577 82.7  1054.34284    3  1  2  1043.29162 84.3  1054.34407
                                          4  1  4  1039.08316 75.3  1054.34328

 Searching   4  1  4 near   1059.60140
- 3  1  3  1049.57562 74.9  1059.59880    4  1  3  1042.62385 88.4  1059.59730
                                          5  1  5  1037.80913 55.5  1059.59851

 Searching   5  1  5 near   1066.15172
+-4  1  4  1050.89167 56.8  1066.15179    5  1  4  1041.79514 87.0  1066.14768
                                          6  1  6  1036.54962 66.8  1066.15123

 Searching   6  1  6 near   1073.98900
- 5  1  5  1052.20039 17.7  1073.98977    7  1  7  1035.30286 61.0  1073.99006

 Searching   7  1  7 near   1083.10358
- 6  1  6  1053.50152 12.3  1083.10313    8  1  8  1034.07065 66.2  1083.10764

 Searching   8  1  8 near   1093.48626
- 7  1  7  1054.80546 57.5  1093.49266    9  1  9  1032.85033 56.9  1093.49298

 Searching   9  1  9 near   1105.12871
+ 8  1  8  1056.10123 59.7  1105.13822   10  1 10  1031.64076 60.7  1105.13782

 Searching  10  1 10 near   1118.02380
+ 9  1  9  1057.39337 61.0  1118.03602   11  1 11  1030.44181 48.1  1118.03616

 Searching  11  1 11 near   1132.16574
+10  1 10  1058.68344 57.8  1132.18050   12  1 12  1029.25093 46.2  1132.18084

 Searching  12  1 12 near   1147.54999
+11  1 11  1059.97312 58.0  1147.56747   13  1 13  1028.06701 59.7  1147.56724

 Searching  13  1 13 near   1164.17315
+-12 1 12  1061.26515 58.0  1164.19506   14  1 14  1026.89188 61.4  1164.19460
  
New  
 Searching   1  1  0 near   1047.93679
                                          1  1  1  1044.47170 74.6  1047.93051
                                          2  1  1  1041.32784 84.3  1047.92975
  
 Searching   2  1  1 near   1050.92212
+ 1  1  0  1047.28473 85.3  1050.91515    2  1  2  1044.82782 34.5  1050.91489
                                          3  1  2  1039.86211 76.7  1050.91456
  
 Searching   3  1  2 near   1055.39330
- 2  1  1  1048.78255 35.0  1055.38446    3  1  3  1045.36336 90.4  1055.38654
                                          4  1  3  1038.41290 71.2  1055.38635
  
 Searching   4  1  3 near   1061.34163
+ 3  1  2  1050.28279 75.7  1061.33524    4  1  4  1046.07672 83.0  1061.33684
                                          5  1  4  1036.98288 66.3  1061.33542
  
 Searching   5  1  4 near   1068.75456
+ 4  1  3  1051.77553 74.2  1068.74898    5  1  5  1046.95842 88.2  1068.74780
                                          6  1  5  1035.57604 64.6  1068.74885
  
 Searching   6  1  5 near   1077.61497
+-5  1  4  1053.25713 66.5  1077.60967    6  1  6  1048.00700 74.7  1077.60861
                                          7  1  6  1034.19749 63.9  1077.60949
                                          
 Searching   7  1  6 near   1087.90033
+ 6  1  5  1054.72369 70.1  1087.89650    7  1  7  1049.21277 22.6  1087.89997
                                          8  1  7  1032.85489 63.7  1087.89668
                                                                              
 Searching   8  1  7 near   1099.58207
- 7  1  6  1056.16837 16.1  1099.58037    8  1  8  1050.53920 90.6  1099.57619
                                          9  1  8  1031.55087 59.9  1099.57886
  
 Searching   9  1  8 near   1112.62569
+-8  1  7  1057.58202 62.8  1112.62381   9  1  9  1051.97752 87.5  1112.62017 
                                        10  1  9  1030.29173 57.6  1112.62367 
  
 Searching  10  1  9 near   1126.99221
- 9  1  8  1058.96340 59.8  1126.99139   10  1 10  1053.49210 86.9  1126.98916
                                         11  1 10  1029.07716 55.3  1126.99105
                                         
 Searching  11  1 10 near   1142.64155
+-10 1  9  1060.30965 54.0  1142.64159   11  1 11  1055.04507  3.0  1142.63942
                                         12  1 11  1027.90356 56.5  1142.64154

 Searching  12  1 11 near   1159.53745
+11  1 10  1061.62410 62.6  1159.53799   12  1 12  1056.60540 91.8  1159.53531
                                         13  1 12  1026.76121 55.1  1159.53807

 Searching  13  1 12 near   1177.65212
-12  1 11  1062.91128  9.7  1177.64926   13  1 13  1058.15370 93.4  1177.65393
                                         14  1 13  1025.63929 58.2  1177.65344
                                         
 Searching  14  1 13 near   1196.96870
+13  1 12  1064.19339 66.6  1196.97025   14  1 14  1059.66691 91.1  1196.96963
                                         15  1 14  1024.52686 55.8  1196.97037

 Searching  15  1 14 near   1217.48044
-14  1 13  1065.46901 62.1  1217.48316   16  1 15  1023.41736 63.3  1217.48311

 Searching  16  1 15 near   1239.18775
+-15 1 14  1066.74931 61.9  1239.19282   16  1 16  1062.59554  8.9  1239.19279
                                         17  1 16  1022.30843 42.7  1239.19375

 Searching  17  1 16 near   1262.09484
-16  1 15  1068.04018 17.6  1262.10593   17  1 17  1064.01918 92.5  1262.10614
                                         18  1 17  1021.19640 60.3  1262.10427

 Searching  18  1 17 near   1286.20707
+-17 1 16  1069.33790 59.7  1286.22322   18  1 18  1065.41863 91.2  1286.22258
                                         19  1 18  1020.08400 65.4  1286.22269

 Searching  19  1 18 near   1311.52956
-+18 1 17  1070.64793 54.9  1311.55580   20  1 19  1018.97378 63.7  1311.55596

 Searching  20  1 19 near   1338.06651
+-19 1 18  1071.96898 69.9  1338.10767   20  1 20  1068.19070 89.0  1338.10841
                                         21  1 20  1017.86620 70.8  1338.10790

 Searching  21  1 20 near   1365.82104 +06
+20  1 19  1073.30190 77.3  1365.88408   22  1 21  1016.76405 80.2  1365.88372

 Searching  22  1 21 near   1394.79534 +09   +3
-21  1 20  1074.64268 83.4  1394.88438   23  1 22  1015.66632 89.3  1394.88409

 Searching  23  1 22 near   1424.99083 +12   +3
-22  1 21  1075.99863 88.8  1425.11830   24  1 23  1014.58076 79.3  1425.11784

 Searching  24  1 23 near   1456.40831 +18   +6
+23  1 22  1077.36781 76.9  1456.58558   25  1 24  1013.51103 85.4  1456.58933


New
Searching   2  2  1 near   1057.18631
                                          2  2  0  1044.39181 75.4  1057.18014
                                          3  2  2  1040.20229 85.7  1057.18003

 Searching   3  2  2 near   1061.40423
+ 2  2  1  1048.62037 84.7  1061.39842    3  2  1  1044.36852 80.1  1061.39744
                                          4  2  3  1038.82841 81.3  1061.39765
                                                                          
 Searching   4  2  3 near   1067.01986
- 3  2  2  1050.03550 33.5  1067.01324    4  2  2  1044.29258 37.8  1067.01366
                                          5  2  4  1037.46724 66.7  1067.01286

 Searching   5  2  4 near   1074.02616
+ 4  2  3  1051.44951 76.7  1074.01875    5  2  3  1044.12562 76.4  1074.01834
                                          6  2  5  1036.12081 69.2  1074.01913

 Searching   6  2  5 near   1082.41441
- 5  2  4  1052.86059 73.8  1082.40621    6  2  4  1043.83664 82.0  1082.40675
                                          7  2  6  1034.79043 40.8  1082.40765

 Searching   7  2  6 near   1092.17431
+ 6  2  5  1054.26725 66.6  1092.16557    7  2  5  1043.39404 83.7  1092.16565
                                          8  2  7  1033.47460 65.8  1092.16541

 Searching   8  2  7 near   1103.29416
+ 7  2  6  1055.66724 66.9  1103.28446    8  2  6  1042.78187 77.7  1103.28518
                                          9  2  8  1032.17786 59.9  1103.28429

 Searching   9  2  8 near   1115.76108
- 8  2  7  1057.06242 36.3  1115.75323    9  2  7  1041.99466 87.8  1115.75334
                                         10  2  9  1030.89919 56.8  1115.74983
                                         
 Searching  10  2  9 near   1129.56142
+ 9  2  8  1058.44213 65.7  1129.54856   10  2  8  1041.02927 90.5  1129.55014
                                         11  2 10  1029.63946 59.4  1129.54904

 Searching  11  2 10 near   1144.68111
-10  2  9  1059.81891  6.2  1144.66955   11  2  9  1039.90307 62.6  1144.66855
                                         12  2 11  1028.39821 50.9  1144.66769

 Searching  12  2 11 near   1161.10616
-11  2 10  1061.18204 60.2  1161.09162   13  2 12  1027.17488 56.4  1161.09203

 Searching  13  2 12 near   1178.82315
+12  2 11  1062.53987 62.5  1178.80935   14  2 13  1025.96839 56.9  1178.80874

 Searching  14  2 13 near   1197.81962
+13  2 12  1063.88764 62.5  1197.80479   14  2 12  1035.73662 91.4  1197.80453
                                         15  2 14  1024.77693 57.0  1197.80514

 Searching  15  2 14 near   1218.08446
-14  2 13  1065.22980  3.0  1218.07015   15  2 13  1034.17789 90.9  1218.07124
                                         16  2 15  1023.59982 58.6  1218.07118

 Searching  16  2 15 near   1239.60805 
+15  2 14  1066.56823 60.5  1239.59644   17  2 16  1022.43429 63.0  1239.59632

 Searching  17  2 16 near   1262.38238
+16  2 15  1067.90321 67.3  1262.37457   17  2 15  1031.00484 94.5  1262.37450
                                         18  2 17  1021.28021 62.8  1262.37420

 Searching  18  2 17 near   1286.40095
+17  2 16  1069.23642 67.0  1286.39845   18  2 16  1029.45621 94.5  1286.39946
                                         19  2 18  1020.13612 64.6  1286.39852
                                         
 Searching  19  2 18 near   1311.65862
+18  2 17  1070.57112 70.8  1311.66511   19  2 17  1027.96035 95.5  1311.66481
                                         20  2 19  1019.00138 66.0  1311.66495

 Searching  20  2 19 near   1338.15143
-19  2 18  1071.90737 40.2  1338.16977   20  2 18  1026.53098 95.2  1338.17166
                                         21  2 20  1017.87735 72.9  1338.17213
                                         
New

 Searching   2  2  0 near   1057.19670
                                          2  2  1  1044.41267 75.4  1057.19072
                                          3  2  1  1040.16253 85.6  1057.19145

 Searching   3  2  1 near   1061.45592
  2  2  0  1048.65764 84.0  1061.44597    3  2  2  1044.47170 74.6  1061.44944
                                          4  2  2  1038.72867 80.5  1061.44975
                                      
 Searching   4  2  2 near   1067.17320
  3  2  1  1050.13850 78.8  1067.16742    4  2  3  1044.59709 65.6  1067.16633
                                          5  2  3  1037.27439 78.3  1067.16711

 Searching   5  2  3 near   1074.37664
  4  2  2  1051.65051 73.6  1074.37159    5  2  4  1044.82782 34.5  1074.37344 -
                                          6  2  4  1035.80131 68.6  1074.37142
                                          
 Searching   6  2  4 near   1083.09271
  5  2  3  1053.19422 13.2  1083.08694    6  2  5  1045.18775 20.2  1083.08607
                                          7  2  5  1034.31649 54.4  1083.08810
                                          
 Searching   7  2  5 near   1093.33984
  6  2  4  1054.76302 13.2  1093.33313    7  2  6  1045.71535 92.6  1093.33257
                                          8  2  6  1032.83208 64.7  1093.33539

 Searching   8  2  6 near   1105.12418
  7  2  5  1056.35011 55.6  1105.12172    8  2  7  1046.43150 83.1  1105.12231
                                          9  2  7  1031.36302 59.5  1105.12170

 Searching   9  2  7 near   1118.43909
  8  2  6  1057.93568 62.0  1118.43899    9  2  8  1047.33196 90.6  1118.43839
                                         10  2  8  1029.91837 54.9  1118.43924

 Searching  10  2  8 near   1133.26755
  9  2  7  1059.51223 66.7  1133.27091   10  2  9  1048.41748 88.9  1133.26812
                                         11  2  9  1028.50534 59.1  1133.27082

 Searching  11  2  9 near   1149.58499
 10  2  8  1061.06629  0.0  1149.58716   11  2 10  1049.68043 15.2  1149.59001
                                         12  2 10  1027.12975 37.0  1149.59214

 Searching  12  2 10 near   1167.36106
 11  2  9  1062.60727 60.2  1167.37275   12  2 11  1051.10538 94.6  1167.37486
                                         13  2 11  1025.79665 59.3  1167.37310

 Searching  13  2 11 near   1186.56046
 12  2 10  1064.11509 71.3  1186.57748   13  2 12  1052.66122 84.1  1186.57837
                                         14  2 12  1024.50936 60.0  1186.57727

 Searching  14  2 12 near   1207.14333
 13  2 11  1065.58951 69.4  1207.16596   14  2 13  1054.32748 82.2  1207.16782  
                                         15  2 13  1023.27274 56.7  1207.16609

 Searching  15  2 13 near   1229.06621
 14  2 12  1067.02731 68.1  1229.09522   15  2 14  1056.06479 89.2  1229.09300 
                                         16  2 14  1022.08664 59.3  1229.09464

 Searching  16  2 14 near   1252.28423
 15  2 13  1068.42528 64.1  1252.31863   16  2 15  1057.85332 76.9  1252.32468 ?
                                         17  2 15  1020.94976 60.3  1252.31942

 Searching  17  2 15 near   1276.75498
 16  2 14  1069.78873 63.3  1276.79673   17  2 16  1059.63120 83.4  1276.79323
                                         18  2 16  1019.85359 61.6  1276.79684

 Searching  18  2 16 near   1302.44297
 17  2 15  1071.12303 73.0  1302.49269   18  2 17  1061.40028 96.2  1302.49427
                                         19  2 17  1018.78867 49.0  1302.49313
                                         
 Searching  19  2 17 near   1329.32318
 18  2 16  1072.43889 76.4  1329.38214   19  2 18  1063.12003 82.9  1329.38243 -
                                         20  2 18  1017.74121 69.3  1329.38189

 Searching  20  2 18 near   1357.38224
 19  2 17  1073.74798 67.1  1357.45244   20  2 19  1064.79042 85.6  1357.45399
                                         21  2 19  1016.70422 68.0  1357.45346
 Searching  21  2 19 near   1386.61665
 20  2 18  1075.06641 76.2  1386.70709   22  2 20  1015.67291 72.3  1386.70691

 Searching  22  2 20 near   1417.02961
 21  2 19  1076.40009 76.9  1417.14933   23  2 21  1014.64758 76.4  1417.14958

 Searching  23  2 21 near   1448.62769
 22  2 20  1077.75804 77.2  1448.79204   24  2 22  1013.63177 80.1  1448.79279


New
 Searching   3  3  1 near   1072.26758
                                          3  3  0  1044.57485 53.2  1072.28045 +  
                                          4  3  2  1038.95506 81.5  1072.27907 -  

 Searching   4  3  2 near   1077.91366
- 3  3  1  1050.21995 75.9  1077.92516    4  3  1  1044.59709 65.6  1077.92379 +
                                          5  3  3  1037.56959 79.9  1077.92407 +


 Searching   5  3  3 near   1084.97817
- 4  3  2  1051.66189 70.6  1084.98590    5  3  2  1044.62088 76.0  1084.98610 +
                                          6  3  4  1036.18575 73.5  1084.98515 +

 Searching   6  3  4 near   1093.46384
- 5  3  3  1053.11374 70.7  1093.46822    6  3  3  1044.63551 74.7  1093.46691 -
                                          7  3  5  1034.80694 69.0  1093.46736 +

 Searching   7  3  5 near   1103.37226
+ 6  3  4  1054.57292 74.8  1103.37232    7  3  4  1044.63551 74.7  1103.37501 -
                                          8  3  6  1033.43451 65.3  1103.37197 +
 Searching   8  3  6 near   1114.70330
+-7  3  5  1056.03853 68.9  1114.69895    8  3  5  1044.59086 84.6  1114.69930 -
                                          9  3  7  1032.07019 55.2  1114.69849 -

 Searching   9  3  7 near   1127.45463
+ 8  3  6  1057.50817 69.9  1127.44563    9  3  6  1044.48282 85.7  1127.44451 -
                                         10  3  8  1030.71883 54.5  1127.44707 +
 Searching  10  3  8 near   1141.62148
+ 9  3  7  1058.97952 65.8  1141.60782   10  3  7  1044.28178 62.2  1141.60750 -
                                         11  3  9  1029.37769 59.9  1141.60779 +

 Searching  11  3  9 near   1157.19652
-10  3  8  1060.44944 61.4  1157.17768   11  3  8  1043.95525 84.3  1157.18178 --+
                                         12  3 10  1028.05274 58.5  1157.17701 +
 Searching  12  3 10 near   1174.17001
+11  3  9  1061.91521 68.0  1174.14531   12  3  9  1043.46147 83.5  1174.14605 -
                                         13  3 11  1026.74625 62.2  1174.14530 +  

 Searching  13  3 11 near   1192.53007
+12  3 10  1063.37478 57.2  1192.49905   13  3 10  1042.79469 83.9  1192.50454 -
                                         14  3 12  1025.45853 59.1  1192.49952 +

 Searching  14  3 12 near   1212.26303
+13  3 11  1064.82714 61.0  1212.22619   14  3 11  1041.92560 88.2  1212.22471 -
                                         15  3 13  1024.19066 58.5  1212.22603 +
 Searching  15  3 13 near   1233.35394
-14  3 12  1066.26984  0.7  1233.31383   15  3 12  1040.87589 67.1  1233.31220 -
                                         16  3 14  1022.94346 60.9  1233.31017 +
 Searching  16  3 14 near   1255.78703
-15  3 13  1067.70040 68.7  1255.73577   16  3 13  1039.64097 87.6  1255.73596 +
                                         17  3 15  1021.71658 44.1  1255.73586 -

 Searching  17  3 15 near   1279.54628
-16  3 14  1069.12209 73.2  1279.48880   
                                         18  3 16  1020.51064 68.0  1279.48832 +

 Searching  18  3 16 near   1304.61594
+17  3 15  1070.53229 71.3  1304.55157   19  3 17  1019.32483 66.8  1304.55212 +

 Searching  19  3 17 near   1330.98101
-18  3 16  1071.93185 15.3  1330.90953   20  3 18  1018.15731 65.9  1330.91198 +

    
 Searching  20  3 18 near   1358.62768
+19  3 17  1073.32862 68.6  1358.55591   21  3 19  1017.00848 64.1  1358.55640 -

 Searching  21  3 19 near   1387.46206
-20  3 18  1074.71797 76.4  1387.47264   21  3 18  1031.63417 93.2  1387.47355 -
                                         22  3 20  1015.87540 73.9  1387.47219 +

 Searching  22  3 20 near   1417.63092
-21  3 19  1076.10670 53.4  1417.65462   23  3 21  1014.76202 72.4  1417.65476 +


 Searching  23  3 21 near   1449.05038
-22  3 20  1077.50586 32.8  1449.10265   23  3 20  1028.22046 94.4  1449.10263 -
                                         24  3 22  1013.67433 80.5  1449.10321 +



New
 Searching   3  3  0 near   1072.27802
                                          3  3  1  1044.57485 53.2  1072.28006 +  
                                          4  3  1  1038.95506 81.5  1072.28176 -
_                                         
 Searching   4  3  1 near   1077.91635
- 3  3  0  1050.21995 75.9  1077.92555    4  3  2  1044.60252 75.1  1077.92653 +
                                          5  3  2  1037.56115 81.1  1077.92637 +

 Searching   5  3  2 near   1084.98890
- 4  3  1  1051.67148  8.8  1084.99818    5  3  3  1044.64134 80.4  1084.99582 +-
                                          6  3  3  1036.16507 73.4  1084.99647 +-

 Searching   6  3  3 near   1093.49581
+ 5  3  2  1053.13439 77.7  1093.49961    6  3  4  1044.69900 85.3  1093.49840 -
                                          7  3  4  1034.76026 65.7  1093.49976 +

 Searching   7  3  4 near   1103.45128
+-6  3  3  1054.62083 73.3  1103.45223    7  3  5  1044.79172 84.9  1103.45214 +
                                          8  3  5  1033.34389 66.7  1103.45233 +

 Searching   8  3  5 near   1114.87417
- 7  3  4  1056.13248  0.0  1114.87198    8  3  6  1044.93412 67.5  1114.87158 -
                                          9  3  6  1031.90993 67.6  1114.87162 +

 Searching   9  3  6 near   1127.78790
+ 8  3  5  1057.67445 69.6  1127.78289    9  3  7  1045.15403 82.4  1127.78233 +
                                         10  3  7  1030.45695 64.9  1127.78267 -

 Searching  10  3  7 near   1142.21893
+ 9  3  6  1059.24842 57.0  1142.21011   10  3  8  1045.48038 73.5  1142.20862 -
                                         11  3  8  1028.98474 61.7  1142.21127 +

 Searching  11  3  8 near   1158.19335
-10  3  7  1060.85826 62.9  1158.18398   11  3  9  1045.95301 86.6  1158.18311 -
                                         12  3  9  1027.49956 61.3  1158.18414 +

Searching  12  3  9 near   1175.73182
-11  3  8  1062.49555 72.9  1175.72208   12  3 10  1046.59614 68.5  1175.72041 -
                                         13  3 10  1026.01196 50.8  1175.72181 +


 Searching  13  3 10 near   1194.84460
+12  3  9  1064.14848 66.5  1194.83306   13  3 11  1047.43293 89.1  1194.83198 -
                                         14  3 11  1024.53515 41.3  1194.83426 -

 Searching  14  3 11 near   1215.52872
+13  3 10  1065.80641 65.5  1215.51626   14  3 12  1048.47503 15.2  1215.51602 -
                                         15  3 12  1023.08050 52.5  1215.51681 +


 Searching  15  3 12 near   1237.76826
+ 14 3 11  1067.45557 67.1  1237.75468   15  3 13  1049.71908 91.5  1237.75445 - shum
                                         16  3 13  1021.65939 59.0  1237.75438 +

 Searching  16  3 13 near   1261.53676
+15  3 12  1069.08319 66.7  1261.51950   16  3 14  1051.14855 66.0  1261.51526 -p
                                         17  3 14  1020.27776 41.0  1261.51875 -

 Searching  17  3 14 near   1286.79996
-16  3 13  1070.68241 33.5  1286.77740   18  3 15  1018.94136 60.1  1286.77580 +


 Searching  18  3 15 near   1313.51777
+17  3 14  1072.23980 74.9  1313.48079   19  3 16  1017.64977 59.7  1313.48067 +


 Searching  19  3 16 near   1341.64549
- 18 3 15  1073.74798 67.1  1341.58242   20  3 17  1016.39873 55.8  1341.58116 +I


New
 Searching   4  4  1 near   1093.13721
                                          4  4  0  1044.81663 28.6  1093.12983
                                          5  4  2  1037.79421 80.8  1093.12897

 Searching   5  4  2 near   1100.19028
  4  4  1  1051.86713 71.7  1100.18031    5  4  1  1044.84814 20.2  1100.18301
                                          6  4  3  1036.41449 70.0  1100.18232

 Searching   6  4  3 near   1108.66109
  5  4  2  1053.31982 70.8  1108.65458    6  4  2  1044.88624 20.7  1108.65461
                                          7  4  4  1035.03782 55.4  1108.65393

 Searching   7  4  4 near   1118.55327
  6  4  3  1054.78163 63.7  1118.54946    7  4  3  1044.93050 72.7  1118.54858
                                          8  4  5  1033.66256 70.2  1118.54618

 Searching   8  4  5 near   1129.87081
  7  4  4  1056.25120 67.7  1129.86731    8  4  4  1044.97838 82.0  1129.86786
                                          9  4  6  1032.29408 65.5  1129.86853
                                          
 Searching   9  4  6 near   1142.61772
  8  4  5  1057.73420 67.9  1142.61782    9  4  5  1045.02763 75.6  1142.61719
                                         10  4  7  1030.92567 67.4  1142.61811

 
 Searching  10  4  7 near   1156.79775
  9  4  6  1059.22778 57.8  1156.80223   10  4  6  1045.07446 80.3  1156.80176
                                         11  4  8  1029.56113 63.8  1156.80187

 Searching  11  4  8 near   1172.41393
 10  4  7  1060.72994 70.2  1172.42238   11  4  7  1045.11231 45.0  1172.42662
                                         12  4  9  1028.20546 77.3  1172.42682 ?

 Searching  12  4  9 near   1189.46814
 11  4  8  1062.24094 69.8  1189.48168   12  4  8  1045.11723 85.1  1189.48275
                                         13  4 10  1026.84694 61.0  1189.48159
 Searching  13  4 10 near   1207.96060
 12  4  9  1063.75915 67.3  1207.98051   13  4  9  1045.08051 90.8  1207.98028
                                         14  4 11  1025.50116 66.0  1207.98009


 Searching  14  4 11 near   1227.88949
 13  4 10  1065.28210 68.9  1227.91675   14  4 10  1044.97838 82.0  1227.91829
                                         15  4 12  1024.16748 31.7  1227.91764 -I


 Searching  15  4 12 near   1249.25061
 14  4 11  1066.80657 71.3  1249.28550   15  4 11  1044.77317 89.3  1249.28502
                                         16  4 13  1022.84383 63.2  1249.28558

 Searching  16  4 13 near   1272.03724
 15  4 12  1068.33003 71.0  1272.08019   16  4 12  1044.43991 88.8  1272.08197
                                         17  4 14  1021.53666 63.3  1272.08126


 Searching  17  4 14 near   1296.24014
 16  4 13  1069.85381 68.8  1296.29556   17  4 13  1043.93906 84.1  1296.29245
                                         18  4 15  1020.24669 69.1  1296.29391

 
 Searching  18  4 15 near   1321.84775
 17  4 14  1071.36818 71.0  1321.91278   18  4 14  1043.25522 53.9  1321.91534 -
                                         19  4 16  1018.97744 72.8  1321.91354


 Searching  19  4 16 near   1348.84647
-18  4 15  1072.88186 40.8  1348.92908   19  4 15  1042.36099 90.9  1348.92489
                                         20  4 17  1017.72879 64.2  1348.92491


 Searching  20  4 17 near   1377.22110
! 19  4 16  1074.37775 62.3  1377.31385   20  4 16  1041.26203 90.3  1377.31438
                                         21  4 18  1016.50329 66.4  1377.31429

 Searching  21  4 18 near   1406.95534
 20  4 17  1075.86879 72.1  1407.06491   21  4 17  1039.96660 47.3  1407.06683
                                         22  4 19  1015.30118 75.1  1407.06511


 Searching  22  4 19 near   1438.03232
 21  4 18  1077.35281  0.0  1438.16381   22  4 18  1038.49207 63.4  1438.16424
                                         23  4 20  1014.12439 52.4  1438.16244


 Searching  23  4 20 near   1470.43514
 22  4 19  1078.83020 81.5  1470.59413   
                                         24  4 21  1012.97629 60.0  1470.59331

New
Searching   4  4  0 near   1093.13722
                                          4  4  1  1044.81663 28.6  1093.12981
                                          5  4  1  1037.79421 80.8  1093.12908

 Searching   5  4  1 near   1100.19039
  4  4  0  1051.86713 71.7  1100.18033    5  4  2  1044.84814 20.2  1100.18290
                                          6  4  2  1036.41449 70.0  1100.18286

 Searching   6  4  2 near   1108.66163
  5  4  1  1053.31982 70.8  1108.65469    6  4  3  1044.88624 20.7  1108.65407
                                          7  4  3  1035.03782 55.4  1108.65590

 Searching   7  4  3 near   1118.55525
  6  4  2  1054.78163 63.7  1118.55000    7  4  4  1044.93412 67.5  1118.55023
                                          8  4  4  1033.66256 70.2  1118.55204

 Searching   8  4  4 near   1129.87671
  7  4  3  1056.25529 66.7  1129.87337    8  4  5  1044.98913 77.9  1129.87275
                                          9  4  5  1032.28459 66.3  1129.87415
 Searching   9  4  5 near   1142.63293
  8  4  4  1057.74449 70.3  1142.63397    9  4  6  1045.05900 80.6  1142.63345
                                         10  4  6  1030.90593 62.0  1142.63323
 Searching  10  4  6 near   1156.83281
  9  4  5  1059.24842 57.0  1156.83798   10  4  7  1045.14631 82.3  1156.83875
                                         11  4  7  1029.52248 64.6  1156.83679
                                         
 Searching  11  4  7 near   1172.48784
 10  4  6  1060.77090  6.0  1172.49820   11  4  8  1045.25587 83.4  1172.49661
                                         12  4  8  1028.13100 64.1  1172.49652

 Searching  12  4  8 near   1189.61283
 11  4  7  1062.31135  0.0  1189.62566   12  4  9  1045.40512 87.1  1189.62648
                                         13  4  9  1026.72677 61.4  1189.62654

 Searching  13  4  9 near   1208.22646
 12  4  8  1063.88116 71.4  1208.24668   13  4 10  1045.61268 43.2  1208.24733
                                         14  4 10  1025.30657 65.0  1208.24648

 Searching  14  4 10 near   1228.35136
 13  4  9  1065.47894 67.4  1228.37871   14  4 11  1045.89933 87.2  1228.37826
                                         15  4 11  1023.86677 63.0  1228.37862

 Searching  15  4 11 near   1250.01319
 14  4 10  1067.10905 73.8  1250.04896   15  4 12  1046.29840 82.9  1250.04856
                                         16  4 12  1022.40676 66.3  1250.04882

 Searching  16  4 12 near   1273.23822
 15  4 11  1068.77285 71.7  1273.28470   16  4 13  1046.84100 82.7  1273.28275
                                         17  4 13  1020.93035 65.2  1273.28374

 Searching  17  4 13 near   1298.04918
 16  4 12  1070.46439 75.9  1298.10645   17  4 14  1047.56298 87.7  1298.10758 
                                         18  4 14  1019.44615 58.7  1298.10627

 Searching  18  4 14 near   1324.46044
 17  4 13  1072.17791 76.8  1324.53130   18  4 15  1048.48463  7.8  1324.53185
                                         19  4 15  1017.96663 65.9  1324.53053

 Searching  19  4 15 near   1352.47400
+-18 4 14  1073.89183 84.1  1352.55195   19  4 16  1049.61405 86.1  1352.55015 -
                                         20  4 16  1016.49576 74.8  1352.54811 -

 Searching  20  4 16 near   1382.07798
 19  4 15  1075.58489 61.8  1382.14879   20  4 17  1050.94987  1.8  1382.14599
                                         21  4 17  1015.04607 77.0  1382.14630

 Searching  21  4 17 near   1413.24774
!20  4 16  1077.25090 41.6  1413.30325   21  4 18  1052.49498 83.4  1413.30598
                                         22  4 18  1013.63177 80.1  1413.30394


 Searching  22  4 18 near   1445.94859
-21  4 17  1078.88902 22.7  1445.98925   22  4 19  1054.22650 20.1  1445.99043 -
                                         23  4 19  1012.26108 57.1  1445.98652 -

Searching  23  4 19 near   1480.13852
-22  4 18  1080.48118 87.4  1480.15335   23  4 20  1056.12162 82.5  1480.15967
                                         24  4 20  1010.94648 81.1  1480.15841 +

New
 Searching   5  5  1 near   1118.60328
                                          5  5  0  1045.12335 33.9  1119.72663
                                          6  5  2  1036.69970 80.5  1119.72654
 Searching   6  5  2 near   1127.02685
  5  5  1  1053.58876 51.8  1128.19204    6  5  1  1045.16489 44.7  1128.19174
                                          7  5  3  1035.33111 69.2  1128.19164

 
 Searching   7  5  3 near   1136.86053
  6  5  2  1055.04507  3.0  1138.07191    7  5  2  1045.21292 55.6  1138.07347
                                          8  5  4  1033.96592 67.3  1138.07310

 Searching   8  5  4 near   1148.10718
  7  5  3  1056.51460  0.0  1149.37513    8  5  3  1045.26757 58.7  1149.37484
                                          9  5  5  1032.60456 53.9  1149.37460

 Searching   9  5  5 near   1160.77004
  8  5  4  1057.99261 59.1  1162.09979    9  5  4  1045.32932 63.4  1162.09969
                                         10  5  6  1031.24633 51.5  1162.09905

 Searching  10  5  6 near   1174.85272
  9  5  5  1059.48014 58.2  1176.25018   10  5  5  1045.39708 69.3  1176.25080
                                         11  5  7  1029.88979 54.4  1176.24895 

                                        
 Searching  11  5  7 near   1190.35916
 10  5  6  1060.97861 60.2  1191.83133   11  5  6  1045.46893 57.1  1191.83073
                                         12  5  8  1028.53648 65.8  1191.83000 -


 Searching  12  5  8 near   1208.84154
 11  5  7  1062.48751 70.1  1208.84667   12  5  7  1045.54680 51.2  1208.84667
                                         13  5  9  1027.18535 62.6  1208.84540

 Searching  13  5  9 near   1227.29050
 12  5  8  1064.00502 69.3  1227.29854   13  5  8  1045.62376 82.8  1227.29795
                                         14  5 10  1025.83671 62.6  1227.29964   

 Searching  14  5 10 near   1247.18680 
 13  5  9  1065.53424 74.8  1247.19429   14  5  9  1045.70199 85.2  1247.19433
                                         15  5 11  1024.48785 66.7  1247.19381


 Searching  15  5 11 near   1268.52236
 14  5 10  1067.07204 76.3  1268.53497   15  5 10  1045.77149 89.9  1268.53522
                                         16  5 12  1023.14305 58.6  1268.53530
                                          
 Searching  16  5 12 near   1291.30561
 15  5 11  1068.61896 68.2  1291.32492   16  5 11  1045.82465 88.3  1291.32477
                                         17  5 13  1021.80097 66.4  1291.32481
  

 Searching  17  5 13 near   1315.53880
 16  5 12  1070.17284 72.2  1315.56509   17  5 12  1045.84823 86.5  1315.56449
                                         18  5 14  1020.46366 65.5  1315.56493


 Searching  18  5 14 near   1341.22294
 17  5 13  1071.73143 74.7  1341.25527   18  5 13  1045.82465 88.3  1341.25513
                                         19  5 15  1019.13230 64.8  1341.25548


 Searching  19  5 15 near   1368.35745
 18  5 14  1073.29288 72.3  1368.39415   19  5 14  1045.73045 86.9  1368.39537
                                         20  5 16  1017.80869 72.7  1368.39469
______________________________________________________________________________
  
 Searching  20  5 16 near   1396.93982
 19  5 15  1074.85534 74.5  1396.97852   20  5 15  1045.53307 93.7  1396.97806
                                         21  5 17  1016.49576 74.8  1396.97946

 Searching  21  5 17 near   1426.96537                              ????? cd
 20  5 16  1076.41574 75.9  1427.00174   21  5 16  1045.20118 87.2  1426.99880
                                         22  5 18  1015.19286 73.6  1427.00061

New
Searching  11  5  6 near   1191.83069
 10  5  5  1060.97861 60.2  1191.83233   11  5  7  1045.47469 69.1  1191.83385
                                         12  5  7  1028.53648 65.8  1191.83635 --+


 Searching  12  5  7 near   1208.84668
 11  5  6  1062.48751 70.1  1208.84931   12  5  8  1045.55835 80.1  1208.85187
                                         13  5  8  1027.17488 56.4  1208.84907

 
 Searching  13  5  8 near   1227.30193
 12  5  7  1064.01310 78.0  1227.31297   13  5  9  1045.64965 46.6  1227.30970 -
                                         14  5  9  1025.82084 62.3  1227.31318

 Searching  14  5  9 near   1247.21054
 13  5  8  1065.54894  7.3  1247.22313   14  5 10  1045.76109 82.1  1247.22402
                                         15  5 10  1024.45989 61.6  1247.22362

 Searching  15  5 10 near   1268.56906
 14  5  9  1067.10018 73.3  1268.59252   15  5 11  1045.88561 77.2  1268.59157
                                         16  5 11  1023.09264 60.8  1268.59276

 Searching  16  5 11 near   1291.39297
!15  5 10  1068.66633 12.8  1291.43006   17  5 12  1021.71658 44.1  1291.43284


 Searching  17  5 12 near   1315.69502
 16  5 11  1070.25589 72.0  1315.75601   17  5 13  1046.23184 82.6  1315.75568
                                         18  5 13  1020.32644 68.7  1315.75692

 Searching  18  5 13 near   1341.49105
 17  5 12  1071.86677 79.3  1341.58303   18  5 14  1046.47775  7.3  1341.57902
                                         19  5 14  1018.91764 69.1  1341.58256


 Searching  19  5 14 near   1368.80037
 18  5 13  1073.50149 73.1  1368.93197   19  5 15  1046.80790 93.4  1368.93108
                                         20  5 15  1017.48704 60.7  1368.93203

 Searching  20  5 15 near   1397.64559
 19  5 14  1075.16246 79.5  1397.82738   20  5 16  1047.24283 90.0  1397.82883
                                         21  5 16  1016.03041 63.1  1397.82803

 Searching  21  5 16 near   1428.05153
 20  5 15  1076.84585 78.6  1428.29084   21  5 17  1047.80680 92.4  1428.29050
                                         22  5 17  1014.54309 74.4  1428.29094

New
 Searching   6  6  1 near   1151.69619
                                          6  6  0  1045.49881 30.2  1152.07052
                                          7  6  2  1035.67383 82.1  1152.07090

 Searching   7  6  2 near   1161.57219
  6  6  1  1055.37874 78.0  1161.95045    7  6  1  1045.55216 44.8  1161.94923    
                                          8  6  3  1034.31649 54.4  1161.94801

 Searching   8  6  3 near   1172.86309
  7  6  2  1056.84704 76.1  1173.24411    8  6  2  1045.61268 43.2  1173.24420
                                          9  6  4  1032.96662 65.2  1173.24386

 Searching   9  6  4 near   1185.57169
  8  6  3  1058.32580 69.7  1185.95732    9  6  3  1045.67975 55.8  1185.95700
                                         10  6  5  1031.62059 63.1  1185.95731


 Searching  10  6  5 near   1199.70025
  9  6  4  1059.81891  6.2  1200.09615   10  6  4  1045.75465 66.3  1200.09139
                                         11  6  6  1030.27891 59.8  1200.09161
 
 Searching  11  6  6 near   1215.25126
 10  6  5  1061.31267 58.7  1215.64939   11  6  5  1045.84153 12.9  1215.65428 --+
                                         12  6  7  1028.94070 54.2  1215.64890 
 
 Searching  12  6  7 near   1232.22747
 11  6  6  1062.82041 56.6  1232.63311   12  6  6  1045.92396 27.0  1232.63233
                                         13  6  8  1027.60658 55.1  1232.63314

 Searching  13  6  8 near   1250.63191
 12  6  7  1064.33862 58.3  1251.04682   13  6  7  1046.01914 55.3  1251.04613
                                         14  6  9  1026.27446 49.7  1251.04580

 Searching  14  6  9 near   1270.46783
 13  6  8  1065.86656 60.2  1270.89312   14  6  8  1046.12246 65.8  1270.89488
                                         15  6 10  1024.94570 53.6  1270.89208

 Searching  15  6 10 near   1291.73873
 14  6  9  1067.40458 10.8  1292.17592   15  6  9  1046.22622 85.7  1292.17511
                                         16  6 11  1023.61738 64.9  1292.17311


 Searching  16  6 11 near   1314.44830
 15  6 10  1068.95400 71.0  1314.90038   16  6 10  1046.33969 43.0  1314.90086
                                         17  6 12  1022.29449 68.2  1314.89804


 Searching  17  6 12 near   1338.60038
 16  6 11  1070.50828 73.8  1339.06401   17  6 11  1046.45095 42.0  1339.06573
                                         18  6 13  1020.97490 57.8  1339.06894

 Searching  18  6 13 near   1364.19887
 17  6 12  1072.07755 73.3  1364.68110   18  6 12  1046.56460 88.8  1364.68072
                                         19  6 14  1019.64973 75.3  1364.68098

 Searching  19  6 14 near   1391.73481
 18  6 13  1073.65403 70.6  1391.74807   19  6 13  1046.68122 88.7  1391.75410
                                         20  6 15  1018.32970 69.9  1391.74857


 Searching  20  6 15 near   1420.24997
 19  6 14  1075.23844 76.7  1420.26969   20  6 14  1046.77462 91.1  1420.26899
                                         21  6 16  1017.00848 64.1  1420.26842


 Searching  21  6 16 near   1450.22241
 20  6 15  1076.83408 56.9  1450.25295   21  6 15  1046.85900 89.1  1450.25111
                                         22  6 17  1015.69410 81.0  1450.25061

                                         
 Searching  22  6 17 near   1481.65447
 21  6 16  1078.42935  0.0  1481.68929   22  6 16  1046.90866 20.1  1481.68900
                                         23  6 18  1014.38222 79.0  1481.69151


 Searching  23  6 18 near   1514.54743
 22  6 17  1080.03875 49.1  1514.59526   23  6 17  1046.91771 64.9  1514.59438
                                         24  6 19  1013.07494 80.0  1514.59219


 Searching  24  6 19 near   1548.98090
 23  6 18  1081.64029 83.8  1548.94958   24  6 18  1046.85147 39.9  1548.95382
                                         25  6 20  1011.77273 70.3  1548.95004

  Searching  25  6 20 near   1584.80996
 24  6 19  1083.25980 89.7  1584.77705   25  6 19  1046.69534 80.9  1584.77747
                                         26  6 21  1010.49305 86.5  1584.77709

 Searching  26  6 21 near   1622.09349
 25  6 20  1084.86427 89.1  1622.04158   26  6 20  1046.39912 86.3  1622.04218
                                         27  6 22  1009.21058 86.0  1622.04012


 Searching  27  6 22 near   1660.75363
 26  6 21  1086.46712 92.4  1660.75116   27  6 21  1045.94268 30.2  1660.75454
                                         28  6 23  1007.94850 78.7  1660.75192


 Searching  28  6 23 near   1700.89727
 27  6 22  1088.05873 95.7  1700.88827   28  6 22  1045.27822 92.8  1700.88913
                                         29  6 24  1006.69638 71.6  1700.88932

New

  Searching  15  6  9 near   1291.74164
 14  6  8  1067.40458 10.8  1292.17700   15  6 10  1046.23184 82.6  1292.17822
                                         16  6 10  1023.61738 64.9  1292.17855

 Searching  16  6 10 near   1314.90222
 15  6  9  1068.95400 71.0  1314.90289   16  6 11  1046.34690 86.6  1314.90263
                                         17  6 11  1022.28884 65.0  1314.90362

 Searching  17  6 11 near   1339.07370
 16  6 10  1070.51571 76.1  1339.07688   17  6 12  1046.47174 78.2  1339.07529
                                         18  6 12  1020.96041 73.7  1339.07653

 Searching  18  6 12 near   1364.69764
 17  6 11  1072.08806 74.6  1364.70284   18  6 13  1046.60933 84.4  1364.70337
                                         19  6 13  1019.62934 73.2  1364.70222


Searching  19  6 13 near   1391.78105
 18  6 12  1073.67276 75.7  1391.78888   19  6 14  1046.75839 90.9  1391.78964
                                         20  6 14  1018.29432 75.1  1391.78869

 Searching  20  6 14 near   1420.33241
 19  6 13  1075.27205 71.2  1420.34493   20  6 15  1046.92256 76.9  1420.34143 ???
                                         21  6 15  1016.95249 75.8  1420.34460

Searching  21  6 15 near   1450.36213
 20  6 14  1076.88656 79.4  1450.38093   21  6 16  1047.11661 83.6  1450.37655
                                         22  6 16  1015.60066 78.1  1450.38100

 Searching  22  6 16 near   1481.88304
 21  6 15  1078.52091 26.0  1481.91302   22  6 17  1047.35633 87.7  1481.91284
                                         23  6 17  1014.23460 82.0  1481.91127   

 Searching  23  6 17 near   1514.91102
 22  6 16  1080.17174 79.4  1514.95208   23  6 18  1047.64349 82.7  1514.95278
                                         24  6 18  1012.84949 79.9  1514.95184

 Searching  24  6 18 near   1549.50900
 23  6 17  1081.84510 34.2  1549.52177   24  6 19  1048.00700 74.7  1549.52425
                                         25  6 19  1011.44033 84.5  1549.52246

 Searching  25  6 19 near   1585.62861
 24  6 18  1083.55377 69.7  1585.65612   25  6 20  1048.47503 15.2  1585.6523
                                         26  6 20  1010.01339 77.2  1585.65645

 Searching  26  6 20 near   1623.32673
 25  6 19  1085.28236 85.2  1623.36449   26  6 21  1049.08173 95.5  1623.36577
                                         27  6 21  1008.55411 85.9  1623.36597

 Searching  27  6 21 near   1662.68518
 26  6 20  1087.04054 90.3  1662.68360   27  6 22  1049.85710 86.0  1662.68664
                                         28  6 22  1007.07216 87.3  1662.68307

 Searching  28  6 22 near   1703.63589
 27  6 21  1088.81700 90.9  1703.62886   28  6 23  1050.82727 83.0  1703.63069 
                                         29  6 23  1005.57583 68.1  1703.62927

New
 Searching   7  7  1 near   1190.16736
                                          7  7  0  1045.94268 30.2  1190.15637    
                                          8  7  2  1034.71401 85.5  1190.15451
                                              
 Searching   8  7  2 near   1201.46087
  7  7  1  1057.23919 17.1  1201.45288    8  7  1  1046.01197 46.8  1201.45247
                                          9  7  3  1033.37645 70.9  1201.45205

  Searching   9  7  3 near   1214.17070
  8  7  2  1058.72611 80.0  1214.16661    9  7  2  1046.09103 40.2  1214.16663
                                         10  7  4  1032.04592 70.0  1214.16665

 Searching  10  7  4 near   1228.29848
  9  7  3  1060.22240 75.3  1228.29800   10  7  3  1046.17798 55.7  1228.29871
                                         11  7  5  1030.71883 54.5  1228.29666 ??
                                         
 Searching  11  7  5 near   1243.84604
 10  7  4  1061.72724  0.0  1243.84797   11  7  4  1046.27189 64.5  1243.84972
                                         12  7  6  1029.40130 63.6  1243.85034

 Searching  12  7  6 near   1260.81536
 11  7  5  1063.24520 67.4  1260.82303   12  7  5  1046.37406 65.8  1260.82311
                                         13  7  7  1028.08631 62.1  1260.82301


 Searching  13  7  7 near   1279.20862
 12  7  6  1064.77068 67.6  1279.21972   13  7  6  1046.47775  7.3  1279.21446
                                         14  7  8  1026.77653 59.7  1279.21989

 Searching  14  7  8 near   1299.02820
 13  7  7  1066.30489 50.7  1299.04159   14  7  7  1046.59614 68.5  1299.03953
                                         15  7  9  1025.47034 57.8  1299.04212
                                         
 Searching  15  7  9 near   1320.27664
 14  7  8  1067.85005 66.6  1320.29341   15  7  8  1046.72207 58.4  1320.29392
                                         16  7 10  1024.16748 31.7  1320.29240  -I
 
 Searching  16  7 10 near   1342.95672
 15  7  9  1069.40306 65.2  1342.97484   16  7  9  1046.85147 39.9  1342.97657
                                         17  7 11  1022.86900 61.0  1342.97499
                                         
 Searching  17  7 11 near   1367.07137
 16  7 10  1070.96530 63.9  1367.09022   17  7 10  1046.98464 74.6  1367.09105
                                         18  7 12  1021.57179 60.3  1367.09019
                                         
 Searching  18  7 12 near   1392.62373
 17  7 11  1072.53733 69.3  1392.64332   18  7 11  1047.12469 85.5  1392.64403
                                         19  7 13  1020.27776 41.0  1392.64352 -I

 Searching  19  7 13 near   1419.61714
 18  7 12  1074.11772 67.9  1419.63612   19  7 12  1047.26344 84.9  1419.63123  !!!!pereiskat
                                         20  7 14  1018.98338 66.9  1419.63526

 Searching  20  7 14 near   1448.05508
 19  7 13  1075.70734 76.4  1448.07310   20  7 13  1047.41656 85.7  1448.07259
                                         21  7 15  1017.69178 77.0  1448.07252
   
 Searching  21  7 15 near   1477.94117
 20  7 14  1077.31670 80.5  1477.96858   21  7 14  1047.57885 78.3  1477.96776
                                         22  7 16  1016.41202 87.6  1477.96840

 Searching  22  7 16 near   1509.27910
 21  7 15  1078.90973 83.9  1509.29047   22  7 15  1047.71919 87.5  1509.29108
                                         23  7 17  1015.10732 83.7  1509.29019

 Searching  23  7 17 near   1542.07252
-22  7 16  1080.52170 22.2  1542.07808   23  7 16  1047.87148 69.1  1542.08279 ?
                                         24  7 18  1013.81644 83.6  1542.08053
                                         
 Searching  24  7 18 near   1576.32820
 23  7 17  1082.14200 42.7  1576.32487   24  7 17  1048.00700 74.7  1576.32169
                                         25  7 19  1012.51756 76.2  1576.32119

                                         
 Searching  25  7 19 near   1612.03559
 24  7 18  1083.77495 41.8  1612.03904   25  7 18  1048.14727 84.0  1612.03833
                                         26  7 20  1011.23234 87.7  1612.03679
New
 Searching  19  7 12 near   1419.61911
 18  7 11  1074.11772 67.9  1419.63706   19  7 13  1047.27463 84.9  1419.64039
                                         20  7 13  1018.98338 66.9  1419.63941

 Searching  20  7 13 near   1448.05911                                ??? cd
 19  7 12  1075.70734 76.4  1448.07513   20  7 14  1047.42163 90.4  1448.07351
                                         21  7 14  1017.68729 77.9  1448.07620  

 Searching  21  7 14 near   1477.94908                         ?????????? cd
 20  7 13  1077.32243 85.9  1477.97846   21  7 15  1047.59837  0.0  1477.97911
                                         22  7 15  1016.41202 87.6  1477.98391

 Searching  22  7 15 near   1509.29406
 21  7 14  1078.91643 81.3  1509.30534   22  7 16  1047.75214 84.9  1509.30852
                                         23  7 16  1015.09410 83.5  1509.30541
                                         
 Searching  23  7 16 near   1542.09988
 22  7 15  1080.53623 86.7  1542.10812   23  7 17  1047.92479 91.2  1542.10766
                                         24  7 17  1013.79243 83.4  1542.10712

 Searching  24  7 17 near   1576.37344
 23  7 16  1082.16540 81.5  1576.37671   24  7 18  1048.11627 18.5  1576.38036
                                         25  7 18  1012.48515 87.2  1576.37621

Searching  25  7 18 near   1612.10355
 24  7 17  1083.80569 88.7  1612.12038   25  7 19  1048.31727 86.3  1612.12090
                                         26  7 19  1011.16932 84.6  1612.12078

 Searching  26  7 19 near   1649.32053  0.029
 25  7 18  1085.45899 88.1  1649.35005   26  7 20  1048.54797 92.0  1649.35242 ???
                                         27  7 20  1009.84129 86.4  1649.35078

 Searching  27  7 20 near   1688.02955  0.049
 26  7 19  1087.12713 88.5  1688.07859   27  7 21  1048.81261 14.0  1688.08129 -I
                                         28  7 21  1008.49714 60.3  1688.07897 -I

 Searching  28  7 21 near   1728.24402  0.076
-27  7 20  1088.81117 76.4  1728.32066   28  7 22  1049.12566 93.6  1728.32287
                                         29  7 22  1007.13311 89.3  1728.32183 

 Searching  29  7 22 near   1769.98023	0.116
 28  7 21  1090.51481 89.7  1770.09664   29  7 23  1049.50804 77.2  1770.09738
                                         30  7 23  1005.74456 92.3  1770.09855


New
 Searching   8  8  1 near   1233.98709
                                          8  8  0  1046.45095 42.0  1233.97450    
                                          9  8  2  1033.82500 80.2  1233.97636  
     
 Searching   9  8  2 near   1246.72736
  8  8  1  1059.18074 77.4  1246.70429    9  8  1  1046.55417 50.6  1246.70553
                                         10  8  3  1032.51906 77.8  1246.70584
                                                                                 
 Searching  10  8  3 near   1260.85773
  9  8  2  1060.70224 78.4  1260.85360   10  8  2  1046.66716 46.0  1260.85394
                                         11  8  4  1031.22275 74.2  1260.85397

 Searching  11  8  4 near   1276.40606
 10  8  3  1062.23308 80.4  1276.41986   11  8  3  1046.78824 60.7  1276.41946
                                         12  8  5  1029.93369 71.6  1276.41994

 Searching  12  8  5 near   1293.37375
 11  8  4  1063.77349 61.3  1293.40471   12  8  4  1046.91771 64.9  1293.40396
                                         13  8  6  1028.65042 68.2  1293.40400

 Searching  13  8  6 near   1311.76232
 12  8  5  1065.32215 72.3  1311.80840   13  8  5  1047.05457 62.4  1311.80815
                                         14  8  7  1027.37342 64.4  1311.80850

 Searching  14  8  7 near   1331.57344
 13  8  6  1066.88143 65.5  1331.63501   14  8  6  1047.19984 18.5  1331.63492
                                         15  8  8  1026.10123 69.3  1331.63397
                                         
 Searching  15  8  8 near   1352.80888
 14  8  7  1068.44730 65.6  1352.88238   15  8  7  1047.34974 77.9  1352.88248
                                         16  8  9  1024.83376 69.4  1352.88250

 Searching  16  8  9 near   1375.47056
 15  8  8  1070.02200 66.6  1375.55474   16  8  8  1047.50587 75.4  1375.55461
                                         17  8 10  1023.56950 63.7  1375.55489

 Searching  17  8 10 near   1399.56051
 16  8  9  1071.60518 70.9  1399.65392   17  8  9  1047.66845 36.4  1399.65385
                                         18  8 11  1022.30843 42.7  1399.65359                                         
 
 Searching  18  8 11 near   1425.08092
 17  8 10  1073.19531 68.1  1425.18070   18  8 10  1047.83515 73.6  1425.18034
                                         19  8 12  1021.05016 68.0  1425.18087

 Searching  19  8 12 near   1452.03411
 18  8 11  1074.79240 72.1  1452.13756   19  8 11  1048.00700 74.7  1452.13778
                                         20  8 13  1019.79271 61.7  1452.13756

 Searching  20  8 13 near   1480.42255
 19  8 12  1076.39604 74.6  1480.52675   20  8 12  1048.18312 84.7  1480.52813
                                         21  8 14  1018.53787 66.0  1480.52845
                                                                                 
 Searching  21  8 14 near   1510.24885
 20  8 13  1078.00917  7.7  1510.35402   21  8 13  1048.36446 27.4  1510.35539
                                         22  8 15  1017.28112 72.5  1510.35220
                                                                                 
 Searching  22  8 15 near   1541.51577
 21  8 14  1079.62483 77.0  1541.61541   22  8 14  1048.54218 42.0  1541.61400  
                                         23  8 16  1016.02581 72.6  1541.61552

 Searching  23  8 16 near   1574.22622
 22  8 15  1081.24933 77.9  1574.32041   23  8 15  1048.72815 91.3  1574.31936
                                         24  8 17  1014.76840 80.2  1574.31841
                                         
                                         
 Searching  24  8 17 near   1608.38325	0.085
 23  8 16  1082.87865 81.1  1608.46836   24  8 16  1048.91065 88.7  1608.46360
                                         25  8 18  1013.51103 85.4  1608.46669
                                         
 Searching  25  8 18 near   1643.99005 	0.076
 24  8 17  1084.51688 85.2  1644.06689   25  8 17  1049.10513 89.2  1644.06641
                                         26  8 19  1012.25431 91.1  1644.06482
New
