New
Searching   0  0  0 near    918.73193
                                          1  1  0   915.10214 50.4   918.73256

 Searching   1  0  1 near    920.12974
                                          1  1  1   916.67157 27.7   920.13038
                                          2  1  1   913.52836 34.7   920.13027

 Searching   2  0  2 near    922.91523
                                          2  1  2   916.82879 22.7   922.91586
                                          3  1  2   911.86310 31.9   922.91555

 Searching   3  0  3 near    927.06836
+-2  1  1   920.46665 54.5   927.06856    3  1  3   917.04554  7.2   927.06872
                                          4  1  3   910.09523 19.4   927.06868
                                          
 Searching   4  0  4 near    932.56037
+ 3  1  2   921.50838 45.7   932.56083    4  1  4   917.30065  1.0   932.56077
                                          5  1  4   908.20834 26.2   932.56088

 Searching   5  0  5 near    939.35689
- 4  1  3   922.38392 43.2   939.35737    5  1  5   917.56753 02.6   939.35691
                                          6  1  5   906.18447 22.4   939.35728

 Searching   6  0  6 near    947.42330
+ 5  1  4   923.07120 39.4   947.42374    6  1  6   917.82219  3.2   947.42380
                                          6  3  4   898.62413 61.1   947.42353
                                          7  1  6   904.01156 18.2   947.42356
                                          7  3  4   888.68294 88.1   947.42244
                                          
 Searching   7  0  7 near    956.73089
+-6  1  5   923.55832 46.3   956.73113    7  1  7   918.04490  5.6   956.73210
                                          7  3  5   898.07160 95.3   956.73202
                                          8  1  7   901.68948 23.3   956.73127
                                          8  3  5   886.62219 95.6   956.73063

 Searching    8  0  8 near    967.26081
- 7  1  6   923.84999 51.4   967.26199    8  1  8   918.22441  0.9   967.26140  
+-                                        8  3  6   897.32440 79.1   967.26186
                                          9  1  8   899.23402 27.7   967.26201 
                                          9  3  6   884.30120 89.0   967.26289

 Searching    9  0  9 near    979.00406
+ 8  1  7   923.96348 51.6   979.00527    9  1  9   918.36246  6.8   979.00511
                                          9  3  7   896.37698 93.1   979.00528
                                         10  1  9   896.67311 22.9   979.00505
                                         10  3  7   881.67553 24.8   979.00125
                                         
 Searching   10  0 10 near    991.95875
+ 9  1  8   923.93179 61.7   991.95978   10  1 10   918.46318  1.6   991.96024
                                         10  3  8   895.23307 90.5   991.96131
                                         11  1 10   894.04847 11.0   991.96236
                                         11  3  8   878.73457 93.7   991.96110

 Searching   11  0 11 near   1006.12666
+-10  1  9   923.79682 55.6  1006.12876  11  1 11   918.53419  7.3  1006.12854
                                         11  3  9   893.89856 91.5  1006.12866
                                         12  1 11   891.39069 29.2  1006.12867
                                         12  3  9   875.44434 95.1  1006.12892

 Searching   12  0 12 near   1021.51085
+ 11  1 10   923.59982 58.2  1021.51371   12  1 12   918.58332  2.7  1021.5132
                                          12  3 10   892.39082 76.8  1021.5150
                                          13  1 12   888.73671 32.2  1021.5135 
                                          13  3 10   871.80367 96.0  1021.5135
                                         
 Searching   13  0 13 near   1038.11430 
+ 12  1 11   923.37979 64.4  1038.11777   13  1 13   918.61764  6.6  1038.1178
                                          13  3 11   890.71857 82.6  1038.1176 
                                          14  1 13   886.10383 37.3  1038.1179
                                          14  3 11   867.82303 87.6  1038.1221
 Searching   14  0 14 near   1055.93940
+ 13  1 12   923.16712 65.5  1055.94398   14  1 14   918.64124  3.6  1055.9439
                                          14  3 12   888.90370 92.3  1055.9446
                                          15  1 14   883.50077 41.8  1055.9442
                                          15  3 12   863.51047 98.1  1055.9467
                                          
 Searching   15  0 15 near   1074.98791
+ 14  1 13   922.98064 71.9  1074.99479   15  1 15   918.65911  8.7  1074.9946
                                          15  3 13   886.95928 93.3  1074.9946 
                                          16  1 15   880.92824 36.7  1074.9939 
                                          16  3 13   858.89897 97.5  1074.9939

 Searching   16  0 16 near   1095.26101
+ 15  1 14   922.82609 69.3  1095.26960   16  1 16   918.67233  0.1  1095.2695 
                                          16  3 14   884.90408 90.9  1095.2707      
                                          17  1 16   878.38428 56.4  1095.2696
                                          17  3 14   854.02778 98.4  1095.2687

 Searching   17  0 17 near   1116.75941
- 16  1 15   922.70165  9.1  1116.76740   17  1 17   918.68325  1.0  1116.7702  
                                          17  3 15   882.74728 93.4  1116.7665
                                          18  1 17   875.86266 57.6  1116.7705
                                          18  3 15   848.93638 95.2  1116.7708

 Searching   18  0 18 near   1139.48351
+ 17  1 16   922.61176 50.0  1139.49708   18  1 18   918.69358  3.3  1139.4975
                                          18  3 16   880.51919 90.5  1139.4968
                                          19  1 18   873.35824 60.7  1139.4969

New
Searching    1  1  1 near    922.14564
                                          1  0  1   920.74645 33.2   922.14640
                                          2  2  1   909.36799 33.6   922.14604

 Searching    2  1  2 near    924.77282
                                          2  0  2   920.58359 18.5   924.77315
                                          2  2  0   911.98490 58.5   924.77323
                                          3  2  2   907.79530 40.9   924.77304

 Searching    3  1  3 near    928.70741
+ 2  2  1   915.92919 88.1   928.70724    3  0  3   920.35916  6.8   928.70760
                                          3  2  1   911.67887 43.7   928.70779
                                          4  2  3   906.13873 36.3   928.70797
 
 Searching    4  1  4 near    933.94250
+-3  2  2   916.96689 77.4   933.94463    4  0  4   920.09516  2.5   933.94252
                                          4  2  2   911.22185 25.7   933.94293
                                          5  2  4   904.39705 36.0   933.94267
                                          5  4  2   878.60781 96.4   933.94257
                                                                              
 Searching    5  1  5 near    940.46971
- 4  2  3   917.90045 70.3   940.46969    5  0  5   919.81863  0.1   940.4699 
                                          5  2  3   910.57758 41.4   940.47030
                                          6  2  5   902.57196 28.4   940.47028
                                          6  4  3   876.70416 95.2   940.47199

 Searching    6  1  6 near    948.27983
- 5  2  4   918.73365  6.4   948.27927    6  0  6   919.55501  0.9   948.28017
                                          6  2  4   909.71026 48.3   948.28037
                                          7  2  6   900.66286 31.3   948.28008
                                          7  4  4   874.66301 91.9   948.27912

 Searching    7  1  7 near    957.36340
+ 6  2  5   919.46653 52.5   957.36485    7  0  7   919.32445  8.7   957.36400
                                          7  2  5   908.58831 25.9   957.35992
                                          8  2  7   898.67320 25.6   957.36401
                                          8  4  5   872.47861 95.0   957.36223

 Searching    8  1  8 near    967.71140        
- 7  2  6   920.09516  2.5   967.71238    8  0  8   919.13684  6.8   967.71212
                                          8  2  6   907.20881 63.1   967.71212
                                          9  2  8   896.60590 26.3   967.71233
                                          9  4  6   ---

 Searching    9  1  9 near    979.31564
+ 8  2  7   920.62584 58.4   979.31665    9  0  9   918.99353  0.1   979.31669
                                          9  2  7   905.55788 66.1   979.31656
                                         10  2  9   894.46630 30.2   979.31694
                                         10  4  7   867.62589 63.1   979.31833
 Searching   10  1 10 near    992.16907
+ 9  2  8   921.06424 61.4   992.17067   10  0 10   918.88979  1.1   992.17102
                                         10  2  8   903.64982 71.9   992.17069
                                         11  2 10   892.26088 38.8   992.17046
                                         11  4  8   864.93231 78.8   992.17305
 Searching   11  1 11 near   1006.26593
-p10  2  9   921.41837 15.0  1006.26901  11  0 11   918.81688  9.7  1006.26820
                                         11  2  9   901.50246 78.1  1006.26794
                                         12  2 11   889.99855 33.5  1006.26803
                                         12  4  9   862.04076 98.4  1006.26212

 Searching   12  1 12 near   1021.60164
+11  2 10   921.69465 62.9  1021.60423   12  0 12   918.76787  2.6  1021.60446
                                         12  2 10   899.14234 77.7  1021.60473
                                         13  2 12   887.68723 36.3  1021.60438
                                         13  4 10   858.97183 97.6  1021.60648

 Searching   13  1 13 near   1038.17273
+12  2 11   921.90720 64.6  1038.17668   13  0 13   918.73813  6.9  1038.17825
                                         13  2 11   896.60030 84.5  1038.17675
                                         14  2 13   885.33612 23.5  1038.17647
                                         14  4 11   855.69920 96.1  1038.17813

 Searching   14  1 14 near   1055.97662
+13  2 12   922.06454 67.6  1055.98169   14  0 14   918.71721  0.1  1055.98162
                                         14  2 12   893.91707 62.0  1055.98498
                                         15  2 14   882.95357 41.2  1055.98178
                                         15  4 12   852.23391 96.7  1055.98407
                                         
 Searching   15  1 15 near   1075.01141
+14  2 13   922.17733 75.2  1075.01768   15  0 15   918.70576  0.1  1075.01706
                                         15  2 13   891.12544 85.1  1075.01879
                                         16  2 15   880.54667 53.3  1075.01803
                                         16  4 13   848.57403 93.1  1075.01578

 Searching   16  1 16 near   1095.27573
+15  2 14   922.25620 60.7  1095.28441   16  0 16   918.70140  0.5  1095.28347
? -I                                     16  2 14   888.27591 93.1  1095.28391
                                         17  2 16   878.12214 53.8  1095.28417
                                         17  4 14   844.74022 88.7  1095.28482

 Searching   17  1 17 near   1116.76857
+16  2 15   922.30824 75.8  1116.77960   17  0 17   918.70140  0.5  1116.77891
                                         17  2 15   885.41123 93.4  1116.78089
                                         18  2 17   875.68514 55.9  1116.77913
                                         18  4 15   840.72804 98.2  1116.77526

 Searching   18  1 18 near   1139.48917
+17  2 16   922.34119 68.6  1139.50322   18  0 18   918.70576  0.1  1139.50385
                                         18  2 16   882.55938 95.2  1139.50263 
                                         19  2 18   873.23693  0.7  1139.49933
                                         
New
 Searching   1  1  0 near    922.31405
+ 0  0  0   922.31478 40.1   922.31478    2  2  0   909.52588 33.9   922.31421
                                          2  0  2   918.12392  5.5   922.31348

 Searching   2  1  1 near    925.27805
+ 1  0  1   923.87827 33.9   925.27822    2  2  1   912.49967 30.2   925.27772
                                          3  2  1   908.24927 33.9   925.27819
                                          3  0  3   916.93004 44.3   925.27848

 Searching   3  1  2 near    929.71746
+ 2  0  2   925.52817 22.9   929.71773    3  2  2   912.74020 31.0   929.71794
+ 2  2  0   916.93004 44.3   929.71837    4  2  2   906.99670 22.2   929.71778
-p                                        4  0  4   915.87003 50.7   929.71739
                                          4  4  0   881.40530 90.7   929.71850
                                          
 Searching   4  1  3 near    935.62384
+ 3  0  3   927.27585 16.5   935.62429    4  2  3   913.05480 29.2   935.62404
-+3  2  1   918.59670 35.9   935.62562    5  2  3   905.73115  6.6   935.62387
                                          5  0  5   914.97267 43.2   935.62401
                                          5  4  1   880.28695 94.8   935.62182
                                          
 Searching   5  1  4 near    942.98502
+ 4  0  4   929.13779 14.8   942.98515    5  2  4   913.43956 14.1   942.98518
+ 4  2  2   920.26423 47.4   942.98531    5  4  2   887.65323 83.8   942.98799
                                          6  2  4   904.41500 13.2   942.98511
                                          6  0  6   914.26052 42.4   942.98568
                                          6  4  2   879.21825 18.9   942.98662  

 Searching   6  1  5 near    951.78437
+ 5  0  5   931.13310 12.9   951.78444    6  2  5   913.88603 10.7   951.78435
+ 5  2  3   921.89174 46.4   951.78446    6  4  3   888.01523 98.5   951.78306
                                          7  2  5   903.01275 11.5   951.78436
                                          7  0  7   913.74503 35.9   951.78458
                                          7  4  3   878.16660 96.2   951.78468
                                          
 Searching   7  1  6 near    961.99995
+ 6  0  6   933.27466 11.9   961.99982    7  2  6   914.38265  9.6   961.99987
                                          
 Searching   8  1  7 near    973.60390
+ 7  0  7   935.56450 18.2   973.60405    8  2  7   914.91303  1.8   973.60384
                                          
 Searching   9  1  8 near    986.56255
+ 8  0  8   937.98706 18.9   986.56234    9  2  8   915.45600  2.3   986.56243

Searching  10  1  9 near   1000.83785
+-9  0  9   940.51450 24.9  1000.83766   10  2  9   915.98708  4.6  1000.83772
   
 Searching  11  1 10 near   1016.39072
+10  0 10   943.10829 10.0  1016.38952   11  2 10   916.48089  2.1  1016.39047

 Searching  12  1 11 near   1033.18594
+11  0 11   945.73448 28.3  1033.18580   12  2 11   916.91625  3.2  1033.18573

Searching  13  1 12 near   1051.19672
-12  0 12   948.35932  0.7  1051.19591   13  2 12   917.27969  5.2  1051.19684

Searching  14  1 13 near   1070.40703
+13  0 13   950.96692 24.4  1070.40704   14  2 13   917.56753 12.6  1070.40788

Searching  15  1 14 near   1090.81075
+14  0 14   953.54686 30.2  1090.81127   15  2 14   917.78304  6.5  1090.81125
                                         
 Searching  16  1 15 near   1112.40870
+15  0 15   956.09849 30.8  1112.40979   16  2 15   917.93840  3.1  1112.40976

Searching  17  1 16 near   1135.20522
+16  0 16   958.62497 39.8  1135.20704   17  2 16   918.04490  5.6  1135.20693

Searching  18  1 17 near   1159.20582
+17  0 17   961.13108 41.5  1159.20859   18  2 17   918.11454  3.8  1159.20853

Searching  19  1 18 near   1184.41561
+18  0 18   963.62120 52.6  1184.41929   19  2 18   918.15477  0.4  1184.41717

Searching  20  1 19 near   1210.83883
+19  0 19   966.10011 49.5  1210.84418   20  2 19   918.18070  1.7  1210.84427

Searching  21  1 20 near   1238.47868
-20  0 20   968.57282 12.3  1238.48832   21  2 20   918.19283  0.8  1238.48761

 Searching  22  1 21 near   1267.33743
+21  0 21   971.03446 62.8  1267.34683   22  2 21   918.19283  0.8  1267.34685
                                         
 Searching  23  1 22 near   1297.41664
+22  0 22   973.49403 62.6  1297.42858   23  2 22   918.18870  7.2  1297.42854

 Searching  24  1 23 near   1328.71727
+23  0 23   975.95032 68.1  1328.73221   24  2 23   918.18070  1.7  1328.73188


New
 Searching   2  2  1 near    931.32562  
+ 1  1  1   927.86781 82.2   931.32662    2  1  1   924.72461 93.1   931.32652
                                          3  3  1   903.62058 85.5   931.32579
                                          3  1  3   921.30159 91.7   931.32477
                                          
 Searching   3  2  2 near    935.51890
+ 2  1  2   929.43261 86.7   935.51968    3  1  2   924.46590 88.6   935.51835
                                          3  3  0   907.81301 94.1   935.51861
                                          4  3  2   902.19412 81.1   935.51813
                                          
 Searching   4  2  3 near    941.10195
+ 3  1  3   931.07868 87.0   941.10186    4  1  3   924.12879 83.7   941.10224
+ 3  3  1   913.39712 96.1   941.10233    4  3  1   907.77599 89.0   941.10269
                                          5  3  3   900.74631 76.9   941.10079
                                          5  1  5   919.31307 96.4   941.10245
                                          5  5  1   866.50111 97.5   941.10439

 Searching   5  2  4 near    948.06800
+ 4  1  4   932.80899 88.3   948.06911    5  1  4   923.71508 80.9   948.06762
- 4  3  2   914.74753 71.7   948.07154    5  3  2   907.70354 90.5   948.06876
                                          6  3  4   899.26825 82.1   948.06765
                                          6  1  6   918.46262 37.7   948.06423
                                          6  5  2   865.04101 96.5   948.06785

 Searching   6  2  5 near    956.40858
+ 5  1  5   934.61843 83.4   956.40781    6  1  5   923.23700 75.9   956.40981
+ 5  3  3   916.05408 97.3   956.40856    6  3  3   907.57583 86.4   956.40723
                                          7  3  5   897.74832 81.2   956.40874
                                          7  1  7   917.72011 94.5   956.40731
                                          7  5  3   863.54456 93.6   956.40509
                                          
 Searching   7  2  6 near    966.11375
+ 6  1  6   936.51232 85.5   966.11393    7  1  6   922.70227 78.7   966.11427
+-6  3  4   917.31358 94.7   966.11298    7  3  4   907.37398 84.5   966.11348
                                          8  3  6   896.17707 84.1   966.11453
                                          8  1  8   917.07583 95.5   966.11282
                                          8  5  4   862.00801 97.7   966.11519
                                          
 Searching   8  2  7 near    977.17216
+ 7  1  7   938.48516 83.5   977.17236    8  1  7   922.13057 65.7   977.17236
- 7  3  5   918.51281 92.4   977.17323    8  3  5   907.06454 84.8   977.17298
                                          9  3  7   894.54254 80.4   977.17084
                                          9  1  9   916.52920 86.4   977.17185
                                          9  5  5   860.40164 93.8   977.17168

 Searching   9  2  8 near    989.57135
+ 8  1  8   940.53419 82.3   989.57118    9  1  8   921.54341 68.9   989.57140
+ 8  3  6   919.63315 89.1   989.57061    9  3  6   906.60958 83.5   989.57127
                                         10  3  8   892.84357 84.9   989.57182
                                         10  1 10   916.07382 95.2   989.57088
                                         10  5  6   ---
                                                                              
 Searching  10  2  9 near   1003.29808
+ 9  1  9   942.65497 84.0  1003.29762   10  1  9   920.96584 66.2  1003.29778
+ 9  3  7   920.67012 91.8  1003.29842   10  3  7   905.97211 84.7  1003.29783
                                         11  3  9   891.06787 83.1  1003.29797   
                                         11  1 11   915.70177 96.1  1003.29612
                                         11  5  7   856.93728 94.0  1003.29644

 Searching  11  2 10 near   1018.33869
+-10 1 10   944.84049 87.2  1018.33755   11  1 10   920.42361 57.4  1018.33750
+10  3  8   921.61034 93.2  1018.33858   11  3  8   905.11266 87.3  1018.33919
                                         12  3 10   889.21501 79.6  1018.33929
                                         12  1 12   915.40440 74.9  1018.33431
 
 Searching  12  2 11 near   1034.67962
+-11 1 11   947.08567 87.9  1034.68002   12  1 11   919.94269 59.4  1034.68067
+11  3  9   922.44880 92.2  1034.67890   12  3  9   903.99473 88.2  1034.67931
                                         13  3 11   887.28174 83.4  1034.68079
                                         13  1 13   915.18015 95.9  1034.68038

 Searching  13  2 12 near   1052.30788
+12  1 12   949.37826 90.2  1052.30817   13  1 12   919.53105 56.0  1052.30791
+12  3 10   923.18246 94.1  1052.30673   13  3 10   902.59743 92.1  1052.30728
                                         14  3 12   885.26760 81.9  1052.30859
                                         14  1 14   915.00433 96.4  1052.30705

 Searching  14  2 13 near   1071.21140
+13  1 13   951.71026 88.5  1071.21049   14  1 13   919.19881 55.2  1071.21296
+13  3 11   923.81194 91.9  1071.21099   14  3 11   900.91321 93.1  1071.21232
                                         15  3 13   883.17710 83.4  1071.21247
                                         15  1 15   914.87472 97.8  1071.21023

 Searching  15  2 14 near   1091.37946
+14  1 14   954.07783 87.8  1091.38055   15  1 14   918.93543 49.4  1091.37894
+-14  3 12   924.33877 92.6  1091.37976  15  3 12   898.94465 95.6  1091.38096
                                         16  3 14   881.01264 83.7  1091.37935
                                         16  1 16   914.78238 97.5  1091.37963
                                        
 Searching  16  2 15 near   1112.80283
+15  1 15   956.46764 91.7  1112.80315   16  1 15   918.73605 12.5  1112.80180
+15  3 13   924.76866 94.0  1112.80403   16  3 13   896.71005 97.7  1112.80504
                                         17  3 15   878.78402 90.0  1112.80330
                                         17  1 17   914.71842 97.2  1112.80538
                                         17  5 13   843.28125 95.9  1112.80509
                                         
 Searching  17  2 16 near   1135.47384
+16  1 16   958.87834 90.9  1135.47559   17  1 16   918.59107 51.0  1135.47639
+16  3 14   925.10823 94.1  1135.47494   17  3 14   894.23303 86.4  1135.47402
                                         18  3 16   876.49875 88.2  1135.47643
                                         18  1 18   914.66733 95.4  1135.47128
                                         
 Searching  18  2 17 near   1159.38631
+-17 1 17   961.30097 90.6  1159.38793   18  1 17   918.48260 58.5  1159.39047
-17  3 15   925.37218 91.2  1159.39146   18  3 15   891.55521 97.2  1159.38965
                                         19  3 17   874.16112 89.0  1159.38841
                                         19  1 19   914.64135 94.3  1159.38902
  
 Searching  19  2 18 near   1184.53546
+18  1 18   963.73567 92.5  1184.53962   19  1 18   918.39987 52.2  1184.53856
-18  3 16   925.56289 89.6  1184.54057   
                                         19  3 16   ---
                                         20  3 18   871.78488 92.2  1184.53955
                                         20  1 20   914.62272 96.2  1184.54043

 Searching  20  2 19 near   1210.91759
+19  1 19   966.17585 93.3  1210.92352   20  1 19   918.33979 53.9  1210.92197
+19  3 17   925.69551 94.6  1210.92280   20  3 17   885.73870 98.5  1210.92113
                                         21  3 19   869.37510 92.1  1210.92302
                                         21  1 21   914.60889 94.6  1210.92261

 Searching  21  2 20 near   1238.52998
+20  1 20   968.61914 94.4  1238.53685   21  1 20   918.29455 66.5  1238.53625
+20  3 18   925.78352 89.9  1238.53819   22  3 20   866.93974 94.5  1238.53653
                                         22  1 22   ---
                                         
 Searching  22  2 21 near   1267.37059
-21  1 21   971.06619 95.8  1267.37991   22  1 21   918.25933 63.2  1267.37900
+21  3 19   925.83135 96.6  1267.37927   23  3 21   864.48667 93.3  1267.37941
                                         
 Searching  23  2 22 near   1297.43792
+-22 1 22   973.51367 96.0  1297.44905   23  1 22   918.23118 61.8  1297.44895
-22  3 20   925.85210 94.8  1297.44889   24  3 22   862.02202 93.9  1297.45090
                                         
 Searching  24  2 23 near   1328.73085
+23  1 23   975.96269 95.0  1328.74508   24  1 23   918.20835 63.5  1328.74543
-23  3 21   925.85210 94.8  1328.74484   25  3 23   859.54591 95.0  1328.74570
                                         
 Searching  25  2 24 near   1361.24851
+24  1 24   978.41385 96.9  1361.26834   25  1 24   918.19110 39.6  1361.26940
+24  3 22   925.83720 97.7  1361.26608   26  3 24   857.06475 95.8  1361.26606
                                         26  1 26   914.59647 90.4  1361.26923

 Searching  26  2 25 near   1394.99023
+25  1 25   980.86070 97.3  1395.01207   26  1 25   918.17083 51.1  1395.01262
                                         27  3 25   854.58311 97.4  1395.01345
New
 Searching   2  2  0 near    931.33574
+ 1  1  0   927.70488 88.6   931.33530    2  1  2   925.24719 95.1   931.33426
                                          3  3  0   903.63083 87.4   931.33643
                                          3  1  2   920.28286 95.1   931.33531

 Searching   3  2  1 near    935.56923
+ 2  1  1   928.96774 87.4   935.56965    3  3  1   907.86425 93.3   935.56946
                                          3  1  3   925.54690 92.0   935.57008
                                          4  3  1   902.24361 82.1   935.57031
                                          4  1  3   918.59721 91.7   935.57066

 Searching   4  2  2 near    941.25129
+ 3  1  2   930.19936 82.8   941.25181    4  3  2   907.92681 92.6   941.25082
                                          4  1  4   925.99242 90.4   941.25254
                                          5  3  2   900.88702 85.3   941.25224
                                          5  1  4   916.89837 94.6   941.25091

 Searching   5  2  3 near    948.40933
+ 4  1  3   931.43716 80.9   948.41061    5  3  3   908.05414 89.8   948.40862
+ 4  3  1   915.08368 98.5   948.41038    5  1  5   926.61903 89.7   948.40841
                                          6  3  3   899.57824 81.3   948.40964    
                                          6  1  5   915.23716 92.3   948.40997
                                          
 Searching   6  2  4 near    957.06916
- 5  1  4   932.71566 77.5   957.06820    6  3  4   908.27071 84.0   957.07011
+-5  3  2   916.70469 96.4   957.06991    6  1  6   927.46828 91.9   957.06989
                                          7  3  4   898.33025 82.9   957.06975
                                          7  1  6   913.65587 91.3   957.06787

 Searching   7  2  5 near    967.24874    
+ 6  1  5   934.07511 78.4   967.24792    7  3  5   908.58850 86.8   967.24892
+-6  3  3   918.41546 92.6   967.24686    7  1  7   928.56080 93.7   967.24800
                                          8  3  5   897.13991 84.2   967.24835
                                          8  1  7   912.20664 89.7   967.24843
                                          
 Searching   8  2  6 near    978.95398
+ 7  1  6   935.54241 73.3   978.95441    8  3  6   909.01695 81.9   978.95441
+ 7  3  4   920.21344 93.6   978.95294    8  1  8   929.91585 94.5   978.95284
                                          9  3  6   895.99081 79.1   978.95250
                                          9  1  8   910.92474 87.1   978.95273

 Searching   9  2  7 near    992.17836
+ 8  1  7   937.13639 69.8   992.17818    9  3  7   909.54877 83.2   992.17707
+ 8  3  5   922.07035 92.0   992.17879    9  1  9   931.53662 95.3   992.17927
                                         10  3  7   894.85296 82.7   992.17868
                                         10  1  9   909.84624 87.9   992.17818

 Searching  10  2  8 near   1006.90523
+ 9  1  8   938.87808 69.4  1006.90607   10  3  8   910.17626 77.5  1006.90450
- 9  3  6   923.94598 69.7  1006.90767   10  1 10   933.40717 95.8  1006.90423
                                         11  3  8   893.67833 75.0  1006.90486
                                         11  1 10   908.99177 89.8  1006.90566
                                         
 Searching  11  2  9 near   1023.11056
+10  1  9   940.77726 74.7  1023.10920   11  3  9   910.87906 80.6  1023.10916
+10  3  7   925.78352 89.9  1023.10924   11  1 11   935.51307 96.3  1023.10742
                                         12  3  9   892.42519 81.4  1023.10977
                                         12  1 11   908.37261 91.0  1023.11059
                                      
 Searching  12  2 10 near   1040.76465
+11  1 10   942.84925 74.7  1040.76314   12  3 10   911.63862 75.4  1040.76289
+11  3  8   927.53825 87.6  1040.76478   12  1 12   937.83417 96.8  1040.76408
                                         13  3 10   891.05407 74.6  1040.76392
                                         13  1 12   907.98592 88.9  1040.76278
    
 Searching  13  2 11 near   1059.83289
+12  1 11   945.09493 79.6  1059.83291   13  3 11   912.43398 79.5  1059.83303
+12  3  9   929.14741 88.2  1059.83199   13  1 13   940.33400 98.4  1059.83423
                                         14  3 11   889.53378 80.6  1059.83289
                                         14  1 13   907.81862 91.4  1059.83277
                                         
 Searching  14  2 12 near   1080.27607
+13  1 12   947.49835 79.6  1080.27521   14  3 12   913.23474 70.3  1080.27573
+13  3 10   930.56458 86.9  1080.27443   14  1 14   942.97442 97.5  1080.27714
                                         15  3 12   887.83836 78.3  1080.27467
                                         15  1 14   907.83200 92.2  1080.27551
                                         
 Searching  15  2 13 near   1102.05142
+14  1 13   950.03686 81.6  1102.05101   15  3 13   914.01551 70.0  1102.05088
                                      
 Searching  16  2 14 near   1125.11487
+15  1 14   952.67102 80.7  1125.11453   16  3 14   914.74753 71.7  1125.11424
+15  3 12   932.67669 89.6  1125.11300   17  3 14   883.87409 82.6  1125.11508
                                         17  1 16   908.22773 94.6  1125.11305
                                         
 Searching  17  2 15 near   1149.42491
-16  1 15   955.35985 77.0  1149.42560   17  3 15   915.40440 74.9  1149.42368
-16  3 13   933.32772 91.6  1149.42271   17  1 17   951.33877 84.7  1149.42573
                                         18  3 15   881.58880 86.5  1149.42324
                                         18  1 17   908.51642 96.2  1149.42429

 Searching  18  2 16 near   1174.94716
+17  1 16   958.06161 87.4  1174.94693   18  3 16   915.96923 72.2  1174.94691
+17  3 14   933.70598 90.5  1174.94697   19  3 16   879.11613 84.0  1174.94703
                                         19  1 18   908.80655 95.1  1174.94524

 Searching  19  2 17 near   1201.65785
+18  1 17   960.74948 87.6  1201.65735   19  3 17   916.43100 74.8  1201.65829
+18  3 15   933.82231 90.1  1201.65675   19  1 19   956.91040 95.3  1201.65807
                                         20  3 17   876.47534 87.9  1201.65777
                                         20  1 19   909.07401 96.3  1201.65619

 Searching  20  2 18 near   1229.54478
+19  1 18   963.40603 88.6  1229.54472   20  3 18   916.78956 71.1  1229.54423
+19  3 16   933.71269 93.0  1229.54359   21  3 18   873.70567 89.1  1229.54505
                                         21  1 20   909.30244 97.1  1229.54414

 Searching  21  2 19 near   1258.60542
+20  1 19   966.02193 91.6  1258.60411   21  3 19   917.05578 72.1  1258.60370
+20  3 17   933.42191 93.5  1258.60434   22  3 19   870.85279 90.4  1258.60629
                                         22  1 21   909.48539 97.7  1258.60506
 
 Searching  22  2 20 near   1288.84363
+21  1 20   968.60108 90.8  1288.84278   22  3 20   917.24727 70.8  1288.84406
+21  3 18   933.00441 95.4  1288.84379   23  3 20   867.96100 91.9  1288.84317
                                         23  1 22   909.62715 97.5  1288.84492

 Searching  23  2 21 near   1320.26629
+22  1 21   971.14697 92.9  1320.26664   23  3 21   917.37419 71.4  1320.26693
-22  3 19   932.51233 97.5  1320.26583   24  3 21   865.07400 94.1  1320.26656
                                         24  1 23   909.73027 98.2  1320.26735
                                         
 Searching  24  2 22 near   1352.88098
+23  1 22   973.66512 94.1  1352.88289   24  3 22   917.45302 74.4  1352.88190
+23  3 20   931.99912 96.4  1352.88129   25  3 22   862.21854 93.3  1352.88271
                                         25  1 24   909.80397 97.8  1352.88227

 Searching  25  2 23 near   1386.69458
+24  1 23   976.15924 93.1  1386.69632   25  3 23   917.49645 66.1  1386.69624
-24  3 21   931.50460 97.3  1386.69716   26  3 23   859.40940 93.6  1386.69795
                                         26  1 25   909.85602 97.8  1386.69781
                                         
 Searching  26  2 24 near   1421.71274
+25  1 24   978.63803 95.1  1421.71633   26  3 24   917.51503 65.5  1421.71634
+25  3 22   931.05194 97.6  1421.71611   27  3 24   856.65131 96.4  1421.71798
                                         27  1 26   909.88858 98.3  1421.71632
                                      
 Searching  27  2 25 near   1457.93984
+26  1 25   981.10468 95.6  1457.94647   27  3 25   917.51503 65.5  1457.94537
 26  3 23   ---                          28  3 25   853.94013 92.6  1457.94545
                                         28  1 27   909.91061 96.9  1457.94675
                                         
 Searching  28  2 26 near   1495.37906
+27  1 26   983.55794 95.7  1495.38568   28  3 26   917.50149 81.0  1495.38605
-27  3 24   930.31937 98.2  1495.38604   29  3 26   851.27447 96.5  1495.38832
                                         29  1 28   ---
New                                       
 Searching   3  3  1 near    946.02497
+ 2  2  1   933.24610 81.8   946.02415    3  2  1   928.99586 94.2   946.02478
                                          4  4  1   897.71153 61.4   946.02471
                                          4  2  3   923.45610 98.7   946.02534
 Searching   4  3  2 near    951.63489
+ 3  2  2   934.65569 83.2   951.63343    4  2  2   928.91360 92.6   951.63468
                                          4  4  0   903.32377 92.1   951.63697
 Searching   5  3  3 near    958.65415    
+ 4  2  3   936.08331 81.6   958.65255    5  2  3   928.76236 88.5   958.65508
                                          5  4  1   903.31670 85.6   958.65157
                                          6  4  3   894.88628 77.4   958.65411
                                          6  2  5   920.75371 92.2   958.65203
                                          
 Searching   6  3  4 near    967.08546
+ 5  2  4   937.54054 78.1   967.08616    6  2  4   928.51488 82.3   967.08499
+ 5  4  2   911.75093 98.4   967.08569    6  4  2   903.31670 85.6   967.08507

 Searching   7  3  5 near    976.93041
+ 6  2  5   939.03255 73.5   976.93087    7  2  5   928.15925 83.5   976.93086
+-6  4  3   913.16369 97.0   976.93152    7  4  3   903.31075 83.7   976.92883       
                                          8  4  5   892.04742 77.3   976.93104
                                          8  2  7   918.23767 94.5   976.92848

 Searching   8  3  6 near    988.18892
- 7  2  6   940.57092 76.2   988.18814    8  2  6   927.68536 84.4   988.18867
- 7  4  4   914.57251 97.2   988.18862    8  4  4   903.29932 85.2   988.18880
                                          9  4  6   890.61516 77.3   988.18961
                                          9  2  8   917.08174 92.8   988.18818
 
 Searching   9  3  7 near   1000.85876
+ 8  2  7   942.16698 79.9  1000.85779    9  2  7   927.09926 78.3  1000.85794
+ 8  4  5   915.97530 94.7  1000.85892    9  4  5   903.26850 84.6  1000.85806
                                         10  4  7   889.16474 77.9  1000.85718
                                         10  2  9   916.00810 93.2  1000.85874
                                          
 Searching  10  3  8 near   1014.93530
+ 9  2  8   943.82865 78.0  1014.93508   10  2  8   926.41345 77.1  1014.93432
- 9  4  6   917.35885 88.6  1014.93330   10  4  6   903.20724 81.6  1014.93454
                                         11  4  8   887.69308 77.5  1014.93382
                                         11  2 10   915.02441 94.6  1014.93399
                                        
 Searching  11  3  9 near   1030.41141
-10  2  9   945.55958 65.5  1030.41022   11  2  9   925.64527 81.0  1030.41075
-10  4  7   918.71738 23.2  1030.40982   11  4  7   903.09645 83.4  1030.41076
                                         12  4  9   886.18936 78.4  1030.41072
                                         12  2 11   914.14076 94.0  1030.41024
                                         
 Searching  12  3 10 near   1047.27762
+11  2 10   947.36742 76.8  1047.27700   12  2 10   924.81487 73.8  1047.27726
+11  4  8   920.03754 94.4  1047.27828   12  4  8   902.91234 85.1  1047.27786
                                         13  4 10   884.64543 74.1  1047.28008
                                         13  2 12   913.35968 93.0  1047.27683
                                         
 Searching  13  3 11 near   1065.52238
+12  2 11   949.25252 79.7  1065.52200   13  2 11   923.94598 69.7  1065.52243
+12  4  9   921.30159 91.7  1065.52295   13  4  9   902.62172 87.5  1065.52149
                                         14  4 11   883.04188 85.6  1065.52081
                                         14  2 13   912.68132 93.8  1065.52167
                                        
 Searching  14  3 12 near   1085.13240
+13  2 12   951.21583 79.3  1085.13298   14  2 12   923.06355 74.6  1085.13146
+13  4 10   922.49590 92.8  1085.13055   14  4 10   902.19412 81.1  1085.13403
                                         15  4 12   881.38326 60.1  1085.13342
                                         15  2 14   912.10303 94.0  1085.13124
                                         
 Searching  15  3 13 near   1106.09316
+14  2 13   953.25289 80.4  1106.09324   15  2 13   922.19938 74.5  1106.09273
+14  4 11   923.61351 92.3  1106.09244   15  4 11   901.58109 85.8  1106.09294
                                         16  4 13   879.64962 81.7  1106.09137
                                         16  2 15   911.61964 92.6  1106.09100
                    
 Searching  16  3 14 near   1128.38938
-15  2 14   955.35985 77.0  1128.38806   16  2 14   921.38123 76.1  1128.38923
+15  4 12   924.63918 90.7  1128.38934   16  4 12   900.74631 76.9  1128.38837
                                         17  4 14   877.84468 88.2  1128.38928
                                         17  2 16   911.22813 93.6  1128.39016
                                         
 Searching  17  3 15 near   1152.00556
+16  2 15   957.53352 82.5  1152.00488   17  2 15   920.63607 67.2  1152.00573
-16  4 13   925.56289 89.6  1152.00464   17  4 13   899.65198 89.8  1152.00537
                                         18  4 15   875.95802 86.7  1152.00524
                                         18  2 17   910.90981 96.5  1152.00380

 Searching  18  3 16 near   1176.92649
+17  2 16   959.76305 82.8  1176.92508   18  2 16   919.98261 71.8  1176.92586
+17  4 14   926.38100 93.3  1176.92560   18  4 14   898.26594 92.7  1176.92606
                                         19  4 16   873.98961 88.6  1176.92571
                                         19  2 18   910.66342 95.6  1176.92582
                                         
 Searching  19  3 17 near   1203.13773
+18  2 17   962.04410 88.7  1203.13809   19  2 17   919.43266 67.7  1203.13712
+18  4 15   927.08940 93.3  1203.13662   19  4 15   896.57257 94.5  1203.13647
                                         20  4 17   871.94098 86.8  1203.13710
                                         20  2 19   910.47446 93.0  1203.13803

 Searching  20  3 18 near   1230.62606
+19  2 18   964.36324 90.0  1230.62564   20  2 18   918.98433 68.2  1230.62501
-19  4 16   927.68536 84.4  1230.62146   20  4 16   894.57214 95.4  1230.62449
                                         21  4 18   869.81462 90.6  1230.62562
                                         21  2 20   910.33116 96.8  1230.62594

 Searching  21  3 19 near   1259.37970
+20  2 19   966.71509 91.4  1259.37866   21  2 19   918.63104 69.0  1259.38028
+20  4 17   928.18333 91.9  1259.37945   21  4 17   892.27897 97.7  1259.37920
                                         22  4 19   867.61655 90.3  1259.38048
                                         22  2 21   910.22480 96.7  1259.37882
                                        
 Searching  22  3 20 near   1289.38853
-21  2 20   969.09426 93.3  1289.38904   22  2 20   918.35415 69.9  1289.38815
+21  4 18   928.57702 96.6  1289.38802   22  4 18   889.71617 97.9  1289.38834
                                         23  4 20   865.34970 92.9  1289.38775
                                         23  2 22   910.14790 96.9  1289.38774
                                         
 Searching  23  3 21 near   1320.64413
-22  2 21   971.49085 93.3  1320.64487   23  2 21   918.14315 73.0  1320.64515
-22  4 19   928.88178 97.4  1320.64571   23  4 19   886.91974 98.2  1320.64518
                                         24  4 21   863.02780 94.5  1320.64482
                                         24  2 23   910.09498 84.8  1320.64616
                                         
 Searching  24  3 22 near   1353.13966
+23  2 22   973.90139 93.3  1353.14123   24  2 22   917.98068 76.8  1353.14170
+23  4 20   929.10269 96.9  1353.14074
                                         24  4 20   ---
                                         25  4 22   860.65687 92.2  1353.14234
                                         25  2 24   910.05343 97.6  1353.14068

 Searching  25  3 23 near   1386.86973
+-24  2 23   976.32240 95.0  1386.87358  25  2 23   917.85504 74.4  1386.87321
+24  4 21   929.25447 97.0  1386.87149   26  4 23   858.24293 94.3  1386.87235
                                         26  2 25   910.02418 97.4  1386.87163
                                         
 Searching  26  3 24 near   1421.83021
+25  2 24   978.74675 93.4  1421.83400   26  2 24   917.75338 79.3  1421.83272
+25  4 22   929.34755 97.7  1421.83302   27  4 24   855.79630 95.0  1421.83279
                                         27  2 26   910.00368 98.7  1421.83497
                                         
 Searching  27  3 25 near   1458.01795
+26  2 25   981.17658 95.3  1458.02403   27  2 25   917.67335 84.2  1458.02246
-26  4 23   929.39138 86.3  1458.02080   28  4 25   853.32739 96.6  1458.02346
 
 Searching  28  3 26 near   1495.43061
+27  2 26   983.60621 96.5  1495.43750   28  2 26   917.60567 86.4  1495.43654
                                         29  4 26   850.83937 92.7  1495.43869
New
 Searching   3  3  0 near    946.02535
+ 2  2  0   933.23625 84.2   946.02458    3  2  2   929.04677 94.4   946.02451
                                          4  4  0   897.71153 61.4   946.02473
 Searching   4  3  1 near    951.63755
+ 3  2  1   934.60753 83.7   951.63645    4  4  1   903.32377 92.1   951.63695
- 3  0  3   943.28775 90.0   951.63619    4  2  3   929.06741 89.5   951.63665
                                          5  4  1   896.30135 71.6   951.63622
                                          5  2  3   921.74292 97.5   951.63564
 Searching   5  3  2 near    958.66474
+ 4  2  2   935.94249 82.2   958.66357    5  4  2   903.32942 90.2   958.66418
+ 4  4  0   910.34925 96.6   958.66245    5  2  4   929.11831 86.4   958.66393
                                          6  4  2   894.89612 76.6   958.66449    
                                          6  2  4   920.09549 59.2   958.66560

 Searching   6  3  3 near    967.11699
+ 5  2  3   937.22396 78.8   967.11668    6  4  3   903.34814 86.2   967.11597

 Searching   7  3  4 near    977.00836
+ 6  2  4   938.43835 81.8   977.00846    7  4  4   903.39143 86.7   977.00754
+-6  4  2   913.24009 91.2   977.00846    7  2  6   929.39138 86.3   977.00860
                                          8  4  4   892.11906 77.3   977.00854
                                          8  6  2   849.37710 98.2   977.00862
                                          8  2  6   916.50634 93.1   977.00965
                                          
 Searching   8  3  5 near    988.35747
+ 7  2  5   939.58685 78.5   988.35846    8  4  5   903.47266 81.5   988.35628
+ 7  4  3   914.73801 95.8   988.35609    8  2  7   929.66605 84.1   988.35686
                                          9  4  5   890.76785 78.7   988.35741
                                          9  2  7   914.59647 90.4   988.35515
                                          9  6  3   848.07953 92.8   988.35678
                                          
 Searching   9  3  6 near   1001.18741
+ 8  2  6   940.68347 80.1  1001.18678    9  4  6   903.61366 81.9  1001.18811
+ 8  4  4   916.29728 96.3  1001.18676    9  2  8   930.08160 83.4  1001.18803
                                         10  4  6   889.46021 76.6  1001.18751
                                         10  2  8   912.66623 91.3  1001.18710

 Searching  10  3  7 near   1015.52422
+ 9  2  7   941.76573 72.1  1015.52441   10  4  7   903.83126 84.0  1015.52370
- 9  4  5   917.93892 58.7  1015.52848   10  2  9   930.67250 86.6  1015.52314
                                         11  4  7   888.20991 82.8  1015.52422
                                         11  2  9   910.75827 90.2  1015.52375

 Searching  11  3  8 near   1031.39345
+10  2  8   942.87211 74.9  1031.39298   11  4  8   904.15175 81.3  1031.39249
+-10 4  6   919.66552 91.2  1031.39282   11  2 10   931.48412 88.9  1031.39370
                                         12  4  8   887.02746 81.3  1031.39298
                                         12  2 10   908.92922 90.2  1031.39161
                                         
 Searching  12  3  9 near   1048.81513
-11  2  9   944.04843 68.6  1048.81391   12  4  9   904.59326 81.1  1048.81462
+-11 4  7   921.50056 94.3  1048.81487   12  2 11   932.54458 91.6  1048.81406
                                         13  2 11   907.23824 89.2  1048.81469
                                         13  4  9   885.91656 80.5  1048.81633
                                         
 Searching  13  3 10 near   1067.79893
+12  2 10   945.33668 71.9  1067.79907   13  4 10   905.16413 83.2  1067.79878
-12  4  8   923.43196 90.0  1067.79748   13  2 12   933.88124 90.7  1067.79839
                                         14  4 10   884.85872 77.6  1067.79863
                                         14  2 12   905.73177 71.4  1067.79968
                                         14  6  8   843.02679 87.4  1067.79921
                                         
 Searching  14  3 11 near   1088.34148
+13  2 11   946.76451 67.1  1088.34096   14  4 11   905.86295 85.1  1088.34188
+13  4  9   925.44312 92.7  1088.34289   14  2 13   935.50186 93.7  1088.34221
                                         15  2 13   904.44809 89.7  1088.34144
                                         15  4 11   883.83082 79.0  1088.34267
                                         
 Searching  15  3 12 near   1110.42683
-p14 2 12   948.35827 64.5  1110.42618   15  4 12   906.67655 79.0  1110.42671
+14  4 10   927.48750 90.8  1110.42741   15  2 14   937.39732 95.1  1110.42553
                                         16  4 12   882.78461 80.0  1110.42667
                                         16  2 14   903.41740 90.0  1110.42540
                                         
 Searching  16  3 13 near   1134.02879
+15  2 13   950.13497 75.0  1134.02832   16  4 13   907.58862 85.5  1134.03037
+15  4 11   929.51777 90.4  1134.02962   16  2 15   939.55850 95.9  1134.02986
                                         17  4 13   881.67462 85.5  1134.02801
                                         17  2 15   902.65936 82.6  1134.02902
                                         17  6 11   841.41427 96.8  1134.02905

 Searching  17  3 14 near   1159.11363
+-16 2 14   952.10534 77.8  1159.11334   17  4 14   908.56880 84.1  1159.11340
+16  4 12   931.47235 90.4  1159.11441   17  2 16   941.95186 98.0  1159.11389
                                         18  4 14   880.45414 85.3  1159.11426
                                         18  2 16   902.17198 92.3  1159.11523
                                         18  6 12   840.99784 98.7  1159.11396
                                         
 Searching  18  3 15 near   1185.64199
+17  2 15   954.27193 77.2  1185.64159   18  4 15   909.59408 83.4  1185.64130
+17  4 13   933.28802 89.4  1185.64141   18  2 17   944.54852 97.9  1185.64251
                                         19  4 15   879.07901 81.2  1185.64291
                                         19  2 17   901.93670 89.8  1185.64116
                                         
 Searching  19  3 16 near   1213.57001
+18  2 16   956.62780 81.1  1213.57105   19  4 16   910.63376 83.0  1213.56986
+18  4 14   934.91049 92.4  1213.57061   19  2 18   947.30849 97.2  1213.57089   
                                         20  4 16   877.51726 85.3  1213.56961
                                         20  2 18   901.92887 94.9  1213.56955

 Searching  20  3 17 near   1242.85037
+-19 2 17   959.14487 85.9  1242.84933   20  4 17   911.65271 82.8  1242.84883
+19  4 15   936.28655 91.3  1242.85045   20  2 19   950.18679 98.2  1242.85036
                                         21  4 17   875.75044 85.0  1242.85067
                                         21  2 19   902.10039 95.5  1242.84963

 Searching  21  3 18 near   1273.43410
+w20 2 18   961.79248 86.3  1273.43316   21  4 18   912.62221 81.5  1273.43321
+-20 4 16   937.38124 92.9  1273.43359   
                                         21  2 20   ---
                                         22  4 18   873.76155 87.6  1273.43372
                                         22  2 20   902.40037 96.4  1273.43437

 Searching  22  3 19 near   1305.27367
+21  2 19   964.52317 88.4  1305.27241   22  4 19   913.50798 86.4  1305.27191
+21  4 17   938.17119 91.9  1305.27142   23  4 19   871.54876 88.0  1305.27420
                                         23  2 21   902.77056 97.3  1305.27256
                                         
 Searching  23  3 20 near   1338.32722
+22  2 20   967.29102 86.5  1338.32502   23  4 20   914.28644 87.2  1338.32449
+22  4 18   938.65250 92.1  1338.32467   24  4 20   869.11367 89.6  1338.32560
                                         24  2 22   903.16515 94.7  1338.32617
                                      
 Searching  24  3 21 near   1372.56267
+23  2 21   970.05681 91.9  1372.55881   24  4 21   914.94194 83.5  1372.55896
+23  4 19   938.83355 95.8  1372.55899   25  4 21   866.48024 92.6  1372.55994
                                         25  2 23   903.54269 97.7  1372.56086
                                         
 Searching  25  3 22 near   1407.96012
+24  2 22   972.79120 91.7  1407.95222   25  4 22   915.46685 87.9  1407.95232
+24  4 20   938.73974 95.8  1407.95167   26  4 22   863.67832 92.2  1407.95290
                                         26  2 24   903.87250 97.2  1407.95184

 Searching  26  3 23 near   1444.51151
-25  2 23   975.48916 79.4  1444.50733   26  4 23   915.89676 88.5  1444.52618
                                         27  4 23   860.76454 98.9  1444.50732
                                         27  2 25   904.15752 98.0  1444.50663

 Searching  27  3 24 near   1482.21798
+26  2 24   978.14165 94.0  1482.22099   27  4 24   916.18474 86.5  1482.22123
-26  4 22   937.94727 97.6  1482.22185   27  2 26   970.39016 97.8  1482.22145
                                         28  4 24   857.78629 96.4  1482.22079
                                         28  2 26   904.39126 98.5  1482.22213

 Searching  28  3 25 near   1521.08630
+27  2 25   980.73977 95.7  1521.08888   28  4 25   916.39150 90.7  1521.08757
+27  4 23   937.34467 98.5  1521.08745   29  4 25   854.78061 96.4  1521.08894
                                         29  2 27   904.56195 98.5  1521.08900
 
 Searching  29  3 26 near   1561.12560
+28  2 26   983.29680 95.6  1561.12767   29  4 26   916.52920 86.4  1561.12852
+28  4 24   936.69232 98.1  1561.12682   30  4 26   851.79099 97.0  1561.12574

                                         
 Searching  30  3 27 near   1602.34519
+29  2 27   985.82148 96.1  1602.34853   30  4 27   916.60874 90.1  1602.34785
                                         31  4 27   848.84869 98.0  1602.34620
New
 Searching   4  4  1 near    966.31660
+ 3  3  1   938.61017 59.0   966.31538    4  3  1   932.99108 91.7   966.31778
                                          4  1  3   949.34227 98.3   966.31572
                                          5  5  1   891.71243 57.2   966.31571


 Searching   5  4  2 near    973.32714    
+-4  3  2   940.00111 74.7   973.32512    5  3  2   932.96257 90.3   973.32779
                                          5  5  0   898.71898 63.2   973.32226
                                          5  1  4   948.97184 98.9   973.32438
                                          6  5  2   890.29920 65.8   973.32604
                                          6  3  4   924.52643 98.5   973.32583

 Searching   6  4  3 near    981.74685
+ 5  3  3   941.39134 74.9   981.74582    6  3  3   932.91536 84.7   981.74676
                                          6  5  1   898.71898 63.2   981.74583
                                          6  1  5   948.57081 98.2   981.74362
                                          7  5  3   888.88576 67.4   981.74629
                                          7  3  5   923.08469 97.2   981.74511
 Searching   7  4  4 near    991.57936
+ 6  3  4   942.77920 79.1   991.57860    7  3  4   932.83979 84.4   991.57929
- 6  1  6   961.97697 98.7   991.57858    7  5  2   898.71898 63.2   991.57953
                                          7  1  6   ---
                                          8  5  4   887.47259 68.0   991.57977
                                          8  3  6   921.64087 96.2   991.57833
                                          
                                          
 Searching   8  4  5 near   1002.82862    
+ 7  3  5   944.16675 75.3  1002.82717    8  3  5   932.71566 77.5  1002.82410
                                          8  5  3   898.71898 63.2  1002.82625
                                          9  5  5   886.05811 81.5  1002.82815
                                          9  3  7   920.19965 94.8  1002.82795

 Searching   9  4  6 near   1015.49865
+I8  3  6   945.55958 65.5  1015.49704    9  3  6   932.53584 86.2  1015.49753
+ 8  5  4   911.39043 97.0  1015.49761    9  5  4   898.72600 70.3  1015.49637
                                         10  5  6   884.64543 74.1  1015.49815
                                         10  3  8   918.76768 41.3  1015.49592
                                          
 Searching  10  4  7 near   1029.59321
+ 9  3  7   946.96322 75.5  1029.59152   10  3  7   932.26707 82.1  1029.59279
+-w9 5  5   912.82168 96.1  1029.59172   10  5  5   898.73934 85.3  1029.59306
                                         11  5  7   883.23462 79.0  1029.59378
                                         11  3  9   917.36336 93.2  1029.59346

 Searching  11  4  8 near   1045.11537
+10  3  8   948.38573 76.2  1045.11397   11  3  8   931.88787 79.7  1045.11440
+I10 5  6   914.26002 91.8  1045.11274   11  5  6   898.75402 86.1  1045.11582
                                         11  1 10   947.20077 90.3  1045.11466
                                         12  5  8   881.82231 83.4  1045.11583
                                         12  3 10   915.98773 69.5  1045.11200

 Searching  12  4  9 near   1062.06709
+11  3  9   949.83708 78.3  1062.06718   12  3  9   931.38065 85.4  1062.06523
+-w11 5 7   915.70669 94.3  1062.06585   12  5  7   898.76744 70.9  1062.06731
                                         12  1 11   947.33025 95.3  1062.06823
                                         13  5  9   880.40750 80.1  1062.06755
                                         13  3 11   914.66733 95.4  1062.06638

 Searching  13  4 10 near   1080.44867
+12  3 10   951.32435 74.9  1080.44862   13  3 10   930.73971 81.9  1080.44956
-12  5  8   917.15789 94.9  1080.45141   13  5  8   898.77554 78.9  1080.44973
                                         13  1 12   947.67070 98.4  1080.44756
                                         14  5 10   878.98440 79.9  1080.44733
                                         14  3 12   913.40716 93.8  1080.44815

 Searching  14  4 11 near   1100.25844
+13  3 11   952.85848 78.3  1100.25753   14  3 11   929.95783 84.5  1100.25694
-13  5  9   918.59721 91.7  1100.25726   14  5  9   898.76744 70.9  1100.25978
                                         14  1 13   948.24415 97.8  1100.25830
                                         15  5 11   877.55165 85.8  1100.25761
                                         15  3 13   ---
                                         
 Searching  15  4 12 near   1121.49234
+-14 3 12   954.45027 75.7  1121.49126   15  3 12   929.05580 82.3  1121.49211
+14  5 10   920.02955 95.2  1121.49248   15  5 10   898.72600 70.3  1121.48973
                                         15  1 14   ---
                                         16  5 12   876.09914 82.2  1121.49139
                                         16  3 14   911.12559 93.8  1121.49230

 Searching  16  4 13 near   1144.14385
+15  3 13   956.10845 77.7  1144.14382   16  3 13   928.04901 82.8  1144.14400
+15  5 11   921.43773 93.8  1144.14369   16  5 11   898.64257 84.0  1144.14269
                                         17  5 13   874.61933 88.3  1144.14317
                                         17  3 15   910.12354 93.8  1144.14282
                                         
 Searching  17  4 14 near   1168.20392
+16  3 14   957.83606 80.3  1168.20277   17  3 14   926.96272 83.1  1168.20371
+16  5 12   922.81177 94.5  1168.20402   17  5 12   898.48730 88.7  1168.20356
                                         17  1 16   951.31861 96.9  1168.20393
                                         18  5 14   873.10285 85.8  1168.20412
                                         18  3 16   909.22575 95.5  1168.20343
 
 Searching  18  4 15 near   1193.66120
+17  3 15   959.64084 83.4  1193.66012   18  3 15   925.82514 85.3  1193.65958
-17  5 13   924.13873 94.1  1193.66257   18  5 13   898.23103 88.8  1193.66151
                                         19  5 15   871.53905 87.9  1193.66223
                                         19  3 17   908.43408 95.7  1193.66137
 
 Searching  19  4 16 near   1220.50230
+18  3 16   961.52439 86.3  1220.50207   19  3 16   924.67158 81.3  1220.50248
+18  5 14   925.40141 94.9  1220.50268   19  5 14   897.83630 88.5  1220.50122
                                         20  5 16   869.91533 86.4  1220.50133
                                         20  3 18   907.74747 96.5  1220.50214
                                         
 Searching  20  4 17 near   1248.71226
+19  3 17   963.48450 84.4  1248.71179   20  3 17   923.52850 83.7  1248.71093
+-19 5 15   926.58658 95.0  1248.70976   20  5 15   897.26577 89.7  1248.71076
                                         20  1 19   956.12810 98.5  1248.71028
                                         21  5 17   868.22899 89.6  1248.71269
                                         21  3 19   907.16378 95.9  1248.71170

 Searching  21  4 18 near   1278.27500
+20  3 18   965.51948 86.0  1278.27415   21  3 18   922.43332 82.3  1278.27270
-20  5 16   927.68536 84.4  1278.27136   21  5 16   896.47565 91.5  1278.27327
                                         21  1 20   958.03198 98.6  1278.27368
                                         22  5 18   866.46626 90.9  1278.27401
                                         22  3 20   906.67655 79.0  1278.27334
                                         
 Searching  22  4 19 near   1309.17388
+21  3 19   967.62454 89.8  1309.17246   22  3 19   921.41885 80.0  1309.17235
-21  5 17   928.68890 96.0  1309.17260   22  5 17   895.42493 93.8  1309.17278
                                         22  1 21   960.05301 98.6  1309.17268
                                         23  5 19   864.62429 93.4  1309.17140
                                         23  3 21   906.28023 97.8  1309.17297
                                         
 Searching  23  4 20 near   1341.39224
+22  3 20   969.79293 87.1  1341.38972   23  3 20   920.50853 81.6  1341.39070
+22  5 18   929.58247 95.9  1341.39022   23  5 18   894.07554 80.6  1341.38979
                                         24  5 20   862.70226 95.1  1341.39081
                                         24  3 22   905.96141 95.5  1341.39029
 
 Searching  24  4 21 near   1374.91392
+23  3 21   972.01611 92.6  1374.90885   24  3 21   919.71637 85.5  1374.90893
+23  5 19   930.36249 96.6  1374.90960   24  5 19   892.40494 97.0  1374.90915
                                         25  5 21   860.69392 93.3  1374.91086
                                         25  3 23   905.71113 97.9  1374.91092

 Searching  25  4 22 near   1409.72375
+24  3 22   974.28987 96.3  1409.71875   25  3 22   919.05562 88.3  1409.71979
-24  5 20   931.03484 98.6  1409.72339   
                                         25  5 20   ---
                                         26  5 22   ---
                                         26  3 24   905.51657 97.9  1409.71788

 Searching  26  4 23 near   1445.80790
-25  3 23   976.61629 94.8  1445.81608   26  3 23   918.52725 88.2  1445.81580
+25  5 21   931.59894 97.5  1445.81588   26  5 21   888.10242 97.2  1445.81553
                                         27  5 23   856.44774 90.9  1445.81510
                                         
 Searching  27  4 24 near   1483.15415
+26  3 24   978.95468 95.0  1483.15599   27  3 24   918.09115 84.8  1483.15782
+26  5 22   932.04067 96.9  1483.15637   27  5 22   885.48074 97.7  1483.15753
                                         27  1 26   971.32892 97.2  1483.15666
                                         28  5 24   854.20283 96.7  1483.15692
                                        
 Searching  28  4 25 near   1521.75200
+27  3 25   981.32415 93.2  1521.75449   28  3 25   917.74782 87.0  1521.75314
-p27 5 23   932.38672 97.5  1521.75408


New
 Searching   6  4  2 near    981.74738
  5  3  2   941.38119 79.6   981.74641    6  5  2   898.71898 63.2   981.74582
                                          6  3  4   932.94797 86.3   981.74737
                                          7  5  2   888.88576 67.4   981.74631
                                          7  3  4   923.00664 97.0   981.74614
                                          
 Searching   7  4  3 near    991.58130
  6  3  3   942.74899 77.0   991.58039    7  5  3   898.71898 63.2   991.57951
  6  5  1   908.55347 97.8   991.58032    7  3  5   932.92073 83.7   991.58115
                                          8  5  3   887.47259 68.0   991.57986
                                          8  3  5   921.47208 96.6   991.58052

 Searching   8  4  4 near   1002.82862
  7  3  4   944.09387 73.8  1002.83337    8  5  4   898.72600 70.3  1002.83318
  7  5  2   909.97363 95.7  1002.83418    8  3  6   932.89852 77.5  1002.83598
                                          9  5  4   886.06414 79.1  1002.83451
                                          9  3  6   919.87427 91.8  1002.83596

 Searching   9  4  5 near   1015.51359
  8  3  5   945.40402 76.7  1015.51246    9  5  5   898.74407 83.5  1015.51411
  8  5  3   911.40538 96.6  1015.51265    9  3  7   932.88587 83.5  1015.51417
  8  1  7   960.47224 95.8  1015.51403   10  5  5   884.66010 76.8  1015.51382
                                         10  3  7   918.19110 39.6  1015.51682
                                         10  7  3   833.39089 98.6  1015.51162

 Searching  10  4  6 near   1029.62767
  9  3  6   946.66431 52.0  1029.62600   10  5  6   898.77554 78.9  1029.62826
  9  5  4   912.85597 96.8  1029.62634   10  3  8   932.89852 77.5  1029.62676
  9  1  8   961.60069 98.2  1029.62868   11  5  6   883.26615 84.2  1029.62795
                                         11  3  8   916.39937 93.0  1029.62590
                                         11  7  4   832.04801 86.3  1029.62584
                                        
 Searching  11  4  7 near   1045.18810
 10  3  7   947.86231 79.4  1045.18803   11  5  7   898.82944 82.2  1045.18860
 10  5  5   914.33228 95.2  1045.18600   11  3  9   932.95781 80.6  1045.18791
                                         11  7  5   847.60895 98.4  1045.18678
                                         12  5  7   881.88821 80.1  1045.18808
                                         12  3  9   914.50387 94.6  1045.18845
                                         12  7  5   830.73614 98.1  1045.18519

 Searching  12  4  8 near   1062.20960
 11  3  8   948.98197 74.3  1062.20850   12  5  8   898.91694 82.5  1062.21046
 11  5  6   915.84853 96.7  1062.21033   12  3 10   933.08470 82.5  1062.20897
                                         12  7  6   847.75970 98.7  1062.20874
                                         13  5  8   880.53614 83.8  1062.21033
                                         13  3 10   912.50027 88.1  1062.21012
                                         13  7  6   829.47129 98.8  1062.20800

 Searching  13  4  9 near   1080.71077
 12  3  9   950.02620 74.0  1080.71078   13  5  9   899.05107 84.6  1080.71112
 12  5  7   917.41191 93.3  1080.71178   13  3 11   933.31100 82.2  1080.71005
                                         14  5  9   879.21855 84.2  1080.71089
                                         14  3 11   910.41211 92.5  1080.71122
                                         14  7  7   828.27036 93.1  1080.71375
                                         
 Searching  14  4 10 near   1100.71414
 13  3 10   951.00335 74.7  1100.71320   14  5 10   899.25015 85.5  1100.71308
 13  5  8   919.03963 82.1  1100.71382   14  3 12   933.67293 77.4  1100.71392
                                         15  5 10   877.95053 86.6  1100.71426
                                         15  3 12   908.27985 94.7  1100.71616
                                         
 Searching  15  4 11 near   1122.24526
 14  3 11   951.94698 80.1  1122.24609   15  5 11   899.54063 85.7  1122.24659
 14  5  9   920.75371 92.2  1122.24605   15  3 13   934.21104 88.7  1122.24641
 14  1 13   970.23264 97.9  1122.24679   16  5 11   876.74525 86.6  1122.24537
                                         16  3 13   906.14953 91.3  1122.24452

 Searching  16  4 12 near   1145.33016
 15  3 12   952.89405 81.0  1145.33036   16  5 12   899.93824 85.4  1145.33049
 15  5 10   922.56765 95.3  1145.33138   16  3 14   934.96479 88.4  1145.33150
                                         17  5 12   875.61605 86.3  1145.33231
                                         17  3 14   904.08934 92.9  1145.33033
                                         17  7 10   825.22448 98.6  1145.33089

 Searching  17  4 13 near   1169.99126
 16  3 13   953.89781 72.9  1169.99280   17  5 13   900.46762 88.3  1169.99146
 16  5 11   924.49131 93.0  1169.99143   17  3 15   935.97204 89.9  1169.99132
                                         18  5 13   874.56158 88.5  1169.99206
                                         18  3 15   902.15841 90.8  1169.99285
                                         18  7 11   824.47260 95.7  1169.99194
                                         
 Searching  18  4 14 near   1196.24240
 17  3 14   955.00198 76.4  1196.24297   18  5 14   901.14190 86.2  1196.24317
 17  5 12   926.52631 93.4  1196.24257   18  3 16   937.26562 92.1  1196.24330
                                         19  5 14   873.57943 87.9  1196.24435
                                         19  3 16   900.41236 92.8  1196.24326
                                         
 Searching  19  4 15 near   1224.08496
 18  3 15   956.25160 77.4  1224.08604   19  5 15   901.96224 88.7  1224.08542
 18  5 13   928.65453 94.7  1224.08501   19  3 17   938.85787 94.4  1224.08516
 18  1 17   983.17850 98.9  1224.08637   20  5 15   872.64113 85.8  1224.08612
                                         20  3 17   898.90421 94.0  1224.08664
                                         
 Searching  20  4 16 near   1253.50642   
 19  3 16   957.67681 78.9  1253.50771   20  5 16   902.92300 87.8  1253.50900
 19  5 14   930.84392 93.7  1253.50884   20  3 18   940.75281 95.9  1253.50748
                                         21  5 16   871.71075 89.7  1253.50837
                                         21  3 18   897.66873 93.7  1253.50811

 Searching  21  4 17 near   1284.48166
 20  3 17   959.30233 84.4  1284.48476   21  5 17   903.99967 88.2  1284.48337
 20  5 15   933.03829 94.0  1284.48328   21  3 19   942.93432 96.8  1284.48224
                                         22  5 17   870.73530 89.4  1284.48315
                                         22  3 19   896.73118 95.2  1284.48468
                                         
 Searching  22  4 18 near   1316.97560
 21  3 18   961.13739 83.6  1316.97677   22  5 18   905.17017 90.2  1316.97792
 21  5 16   935.17977 94.5  1316.97739   22  3 20   945.38011 97.6  1316.97690
                                         23  5 18   869.66356 89.4  1316.97781
                                         23  3 20   896.09494 87.4  1316.97711
                                         
 Searching  23  4 19 near   1350.94591
 22  3 19   963.19337 86.7  1350.94687   23  5 19   906.40164 90.6  1350.94875
 22  5 17   937.19998 94.1  1350.94783   23  3 21   948.05482 98.1  1350.94756
                                         24  5 19   868.44361 89.6  1350.94782
                                         24  3 21   895.75503 95.2  1350.94759
                                         
 Searching  24  4 20 near   1386.34501
 23  3 20   965.46570 88.9  1386.34787   24  5 20   907.65887 92.1  1386.34742
                                         
 Searching  25  4 21 near   1423.12152
 24  3 21   967.92908 90.7  1423.12164   25  5 21   908.90439 93.4  1423.12133
 24  5 19   940.61821 94.9  1423.12242   26  5 21   865.41060 92.7  1423.12371
                                         26  3 23   895.83348 96.5  1423.12203
                                         
 Searching  26  4 22 near   1461.22189
 25  3 22   970.55709 91.6  1461.22126   26  5 22   910.10507 92.8  1461.22077
 25  5 20   941.91047 96.1  1461.22141   27  5 22   863.54456 93.6  1461.22135
                                         27  3 24   896.15440 98.0  1461.22107
                                         
                                         
 Searching  27  4 23 near   1500.59300
                                         27  5 23   911.22813 93.6  1500.59549
 26  5 21   942.88297 88.6  1500.59608   28  5 23   861.43665 98.7  1500.59507

 Searching  28  4 24 near   1541.18586
 27  3 24   976.10235 95.0  1541.16902   28  5 24   912.21382 93.9  1541.16791
 27  5 22   943.49112 91.3  1541.16791   29  5 24   859.06046 96.5  1541.16802
                                         29  3 26   897.05503 97.8  1541.16888

New
 Searching   5  5  1 near    992.20384
+ 4  4  1   943.89045 57.6   992.20363    5  4  1   936.86906 91.8   992.20393
                                          6  6  1   885.63072 62.8   992.20242

                                          
 Searching   6  5  2 near   1000.61424    
+ 5  4  2   945.27905 53.6  1000.61381    6  4  2   936.84665 85.5  1000.61502
                                          6  6  0   894.04351 77.3  1000.61522
                                          7  6  2   884.21644 56.8  1000.61351

 Searching   7  5  3 near   1010.43245
+ 6  4  3   946.66431 52.0  1010.43214    7  4  3   936.81356 82.0  1010.43164
                                          7  6  1   894.03605 76.4  1010.43312
                                          8  6  3   882.80040 58.3  1010.43192
                                          8  4  5   925.54690 92.0  1010.43052


 Searching   8  5  4 near   1021.66126
+ 7  4  4   948.04362 63.8  1021.65973    8  4  4   936.77029 86.3  1021.65977
+ 7  6  2   905.26324 98.0  1021.66031    8  6  2   894.02789 60.7  1021.65941
                                          9  6  4   881.38326 60.1  1021.66050
                                          9  4  6   924.08682 97.1  1021.66127

 
 Searching   9  5  5 near   1034.30386
+-w8 4  5   949.41961 77.2  1034.30323    9  4  5   936.71333 84.2  1034.30289
+-w8 6  3   906.67147 94.5  1034.30299    9  6  3   894.02789 60.7  1034.30514
                                         10  6  5   879.96683 68.5  1034.30355
                                         10  4  7   922.61269 93.1  1034.30513
                                         
                                          
 Searching  10  5  6 near   1048.36379
- 9  4  6   950.78820 73.4  1048.36265   10  4  6   936.63523 82.7  1048.36253
+-9  6  4   908.08558 95.8  1048.36282   10  6  4   894.02789 60.7  1048.36463
                                         11  6  6   878.55183 69.0  1048.36453
                                         11  4  8   921.12161 95.5  1048.36235
                                         
 Searching  11  5  7 near   1063.84492
+10  4  7   952.15171 77.0  1063.84415   11  4  7   936.53002 85.2  1063.84433
-10  6  5   909.50929 97.2  1063.84601   11  6  5   894.02789 60.7  1063.84064
                                         12  6  7   877.13779 75.3  1063.84599
                                         12  4  9   919.62244 93.0  1063.84380

New