4	-9.405  -9.257  -8.994  -8.947  -8.755  -8.12  -7.469  -6.217  -5.486  -5.254  -4.677  -3.841  -3.503  -3.068  -2.182  -1.83  -1.595  -0.658  1.824  1.892  2.0  2.041  3.609  4.454  4.754  6.074  7.041  8.996  9.654  -9.909  -9.505  -8.718  -7.092  -4.925  -4.727  -2.968  0.778  2.123  3.119  4.928  7.648
5	-9.818  -9.568  -9.541  -9.488  -8.843  -8.832  -8.725  -8.364  -7.913  -7.913  -7.683  -7.666  -7.656  -7.638  -7.638  -6.772  -6.613  -5.609  -5.043  -4.907  -4.803  -4.028  -2.776  -2.137  -1.877  -1.215  -0.764  0.623  3.196  3.219  3.808  3.997  6.375  6.708  7.595  9.74  -9.994  -9.916  -9.676  -9.572  -9.487  -9.471  -9.329  -8.763  -8.339  -7.913  -7.638  -7.517  -7.428  -7.211  -5.418  -4.907  -4.405  -3.454  -3.223  -1.112  -0.928  -0.102  0.429  2.0  2.589  3.543  4.767  8.177  9.371
6	-9.762  -9.538  -9.538  -9.493  -9.473  -9.052  -8.891  -8.794  -8.686  -7.526  -6.647  -5.546  -5.308  -2.054  -1.769  -1.319  -0.765  -0.171  -0.113  1.947  2.806  3.49  3.903  4.708  6.851  -9.649  -9.643  -9.538  -8.063  -7.069  -7.063  -7.043  -6.656  -6.596  -3.985  -1.87  -0.592  -0.07  0.62  0.651  4.937  6.989  9.381
7	-9.611  -8.929  -8.886  -8.385  -8.264  -6.948  -6.044  -5.822  -5.377  -2.891  -2.858  -2.637  -2.547  -2.253  -0.835  -0.477  0.244  0.514  1.391  2.831  3.901  4.479  6.796  8.035  9.553  9.8  9.944  9.949  -9.9  -9.589  -9.477  -9.065  -8.978  -8.759  -8.67  -8.651  -8.503  -7.573  -7.545  -7.208  -7.117  -7.01  -6.989  -6.76  -6.502  -6.21  -5.984  -5.889  -5.8  -5.516  -5.144  -1.23  -0.835  -0.521  3.228  5.113  5.258  7.305  7.394  7.732  9.439
8	-9.669  -9.237  -8.788  -8.665  -8.345  -8.216  -7.711  -7.472  -7.47  -6.99  -6.309  -6.294  -5.75  -5.722  -5.414  -5.319  -2.738  -2.197  -1.633  -0.918  1.759  3.665  5.176  8.365  8.537  8.543  9.298  -9.773  -9.488  -9.294  -9.209  -9.052  -8.876  -8.848  -8.73  -7.543  -7.444  -7.358  -7.233  -6.99  -6.744  -6.155  -5.812  -5.553  -5.471  -5.107  -4.63  -4.317  -4.303  -3.961  -3.718  -3.122  1.314  4.001  4.237  4.39  5.441  7.15  7.184  8.255  8.756  9.541
9	-9.749  -8.885  -8.745  -7.175  -7.169  -6.277  -5.458  -5.029  -4.608  -4.376  -2.436  -2.331  -1.18  4.915  5.88  7.634  9.413  -9.636  -9.535  -9.326  -9.318  -9.256  -8.847  -8.381  -8.367  -8.07  -7.817  -7.477  -6.719  -6.238  -6.204  -6.184  -5.72  -5.634  -5.537  -5.308  -4.752  -4.746  -4.222  -4.14  -3.549  -3.523  -3.34  -0.811  -0.285  -0.252  1.818  2.169  4.164  4.827  6.133  8.813  8.959  9.104  9.583  9.703
10	-9.075  -8.602  -8.572  -8.427  -7.957  -7.863  -6.884  -6.795  -6.499  -6.5  -6.457  -5.918  -5.638  -5.348  -5.325  -4.748  -4.388  -3.991  -3.862  -2.903  -2.843  -2.398  -2.382  -2.084  -1.6  -1.378  -1.08  -0.943  0.266  1.955  1.956  5.552  8.522  9.659  -9.467  -9.364  -9.314  -9.289  -8.366  -8.248  -7.311  -6.609  -4.824  -4.815  -4.762  -4.635  -4.505  -4.5  -4.029  -3.976  -3.919  -3.533  -3.416  -1.754  1.589  1.956  3.617  6.834  7.53  7.559  8.24
11	-9.406  -9.267  -8.615  -8.586  -8.507  -8.409  -8.013  -7.948  -7.27  -7.062  -6.486  -6.295  -6.294  -5.042  -3.61  -3.566  -3.249  -3.243  -1.795  -1.633  -1.217  -0.94  -0.626  -0.074  0.508  0.886  1.13  3.01  4.758  6.912  7.249  8.212  9.132  9.247  -9.756  -9.207  -9.114  -8.087  -7.853  -7.389  -7.383  -6.781  -6.71  -6.471  -6.294  -4.901  -4.847  -4.709  -4.682  -4.654  -4.515  -4.471  -4.252  -3.986  -3.443  -3.234  -2.968  -2.161  -1.995  -1.561  -0.368  0.045  0.314  0.79  4.762  5.004  6.789  6.794  6.89  7.188  10.011
12	-9.558  -9.427  -8.73  -8.73  -8.46  -7.395  -7.023  -6.785  -6.685  -5.961  -5.505  -5.309  -5.133  -4.527  -3.329  -3.273  -3.223  -3.112  -2.711  -1.728  -1.62  -0.591  0.374  0.56  1.431  1.563  5.058  5.77  6.476  7.823  8.283  -9.972  -9.755  -8.73  -8.499  -7.896  -7.33  -6.663  -5.778  -5.655  -5.195  -5.18  -4.574  -3.857  -3.476  -3.279  -3.08  -2.971  -2.965  -1.923  -1.876  -1.791  0.836  1.862  2.019  2.431  3.432  6.335  9.914  9.948
13	-9.937  -9.194  -8.865  -7.481  -6.607  -6.53  -5.823  -4.631  -2.688  -2.11  -1.868  -1.146  -0.658  -0.591  0.045  2.473  2.498  2.784  3.478  7.74  9.176  -9.361  -9.297  -9.114  -9.094  -9.078  -8.666  -8.624  -8.263  -7.638  -7.103  -6.657  -6.642  -6.525  -6.05  -5.382  -5.222  -5.043  -4.674  -4.55  -4.515  -3.963  -3.81  -3.701  -3.119  -3.063  -3.058  -2.831  -2.468  -2.38  -2.145  -2.11  -1.878  -1.701  -1.264  -0.437  -0.313  0.242  0.722  1.8  1.941  2.282  2.693  3.857  5.852  6.093  7.538
14	-8.178  -7.816  -7.81  -7.394  -6.201  -4.641  -4.267  -4.07  -3.223  -2.162  -1.739  -1.531  -0.49  -0.463  0.902  1.869  3.168  4.617  4.735  7.117  7.516  -9.538  -9.201  -9.104  -8.983  -8.629  -8.615  -8.369  -8.246  -7.572  -7.561  -7.177  -6.369  -6.281  -5.556  -5.55  -5.288  -4.866  -4.512  -4.286  -3.823  -3.804  -2.511  -2.312  -2.151  -1.791  -1.608  -1.116  -0.565  -0.435  0.264  0.856  0.871  0.913  0.998  1.121  1.189  1.466  1.472  2.037  3.174  3.438  3.752  4.807  5.255  5.689  7.26  9.022  9.654
15	-9.763  -8.726  -7.38  -6.445  -6.338  -5.886  -4.156  -3.651  -2.339  -1.943  -1.076  0.34  2.28  2.988  3.548  8.112  -10.001  -9.598  -8.462  -4.44  -3.646  -3.595  -3.204  -3.198  -2.973  -2.885  -2.351  -1.772  -1.645  -1.634  -1.597  -1.076  -1.056  -0.742  -0.705  -0.555  -0.25  -0.041  0.299  0.346  0.704  0.88  1.13  1.752  2.746  3.077  3.943  4.274  4.303  4.775  5.481  5.795  6.67  7.463  7.92  8.676  9.148  9.154
16	-10.019  -8.666  -7.594  -6.413  -5.554  -4.884  -4.499  -4.315  -4.146  -3.307  -2.956  -1.356  -1.229  1.408  2.515  2.806  4.28  4.379  4.862  5.383  7.542  8.491  -9.821  -8.887  -8.566  -5.779  -5.727  -5.683  -5.446  -4.612  -4.097  -3.552  -2.627  -2.589  -2.238  -1.179  -1.124  -1.058  -1.042  -0.846  -0.795  -0.318  0.698  0.885  1.004  1.306  1.399  1.673  2.175  2.25  2.421  2.72  3.695  4.044  4.176  4.181  4.774  4.892  6.622  7.212  7.707  8.667  8.672
17	-9.353  -9.167  -9.158  -8.778  -6.662  -6.026  -4.907  -3.349  -3.185  -1.188  -0.389  -0.014  0.458  1.853  2.017  3.089  3.642  4.542  4.737  7.16  -9.267  -9.118  -9.096  -9.072  -8.423  -6.941  -5.492  -4.01  -3.714  -3.606  -3.568  -3.48  -3.405  -2.169  -1.886  -1.635  -1.415  -0.929  0.03  0.366  0.564  0.956  1.087  1.262  1.53  1.753  1.786  2.55  3.789  5.041  5.052  5.07  5.088  5.146  5.562  5.903  6.532  7.492  7.806  8.681
18	-2.238  -1.769  -1.391  -0.553  0.756  1.33  2.692  3.533  4.184  4.19  4.431  5.753  -8.168  -7.645  -7.464  -7.327  -7.288  -7.254  -4.028  -3.192  -2.785  -2.714  -2.646  -2.515  -1.981  -1.968  -1.929  -1.841  -1.321  -0.909  -0.454  0.038  0.681  0.751  0.765  0.811  1.549  1.881  2.045  2.738  2.843  4.241  6.132  7.185  7.699  7.718  7.876  7.885  8.189  8.891  8.897  8.996  9.274  9.325  9.364  9.655
19	-7.308  -7.008  -6.533  -5.435  -4.243  -3.322  -3.063  -2.293  -0.195  -0.138  0.762  0.857  0.862  1.021  2.254  2.26  3.138  3.137  3.649  4.509  5.041  6.752  8.764  8.955  9.93  -7.585  -6.893  -6.841  -6.537  -5.587  -5.063  -2.299  -1.554  -1.382  -1.206  -0.986  -0.9  -0.823  -0.732  -0.475  -0.102  0.029  0.198  0.654  1.304  1.562  1.873  2.756  3.137  3.368  3.439  3.459  3.674  3.711  3.847  4.411  5.338  5.53  5.672  6.073  6.696  7.24  7.345  8.294  8.484  9.69
20	-7.244  -6.21  -5.806  -5.074  -0.692  -0.191  0.394  0.451  2.5  3.153  5.133  5.348  6.754  7.199  8.936  -10.016  -9.333  -8.285  -7.128  -6.188  -5.686  -5.654  -5.622  -4.317  -3.372  -0.736  0.219  0.528  0.738  1.403  1.691  2.653  2.691  3.119  3.656  4.167  4.325  4.53  4.766  5.077  6.454  6.474  6.584  6.621  6.754  6.763  7.125  8.314  9.873
21	-9.974  -8.34  -8.297  -5.007  -3.335  -2.367  -2.109  -1.694  0.446  3.045  3.259  5.63  6.605  6.847  7.004  7.472  7.561  7.878  8.969  9.489  -8.784  -8.779  -8.133  -7.461  -7.137  -6.036  -5.125  -4.927  -4.663  -4.047  -3.976  -2.52  -1.519  -1.421  -0.943  0.049  0.306  0.752  1.569  2.361  2.698  3.06  3.28  3.309  4.161  4.698  4.89  5.419  5.638  6.119  7.358  7.516  7.664  8.206  8.33  8.675  9.419  9.648
22	-4.528  -3.797  -3.651  -2.683  -1.648  -1.216  -0.179  6.098  7.506  8.216  8.639  -9.012  -5.656  -5.331  -4.659  -3.99  -3.965  -3.955  -3.896  -3.161  -2.96  -1.62  -1.38  -0.733  2.362  3.864  3.877  3.884  4.1  4.331  4.61  4.696  5.014  5.066  5.213  5.321  6.134  6.438  6.769  7.643  8.588  8.624  9.042  9.168  9.359
