 Searching   1  1  0 near    727.89691  0.138
-+0  0  0   727.75797 83.2   727.75797    2  2  0   714.96840 79.9   727.75673

 Searching   2  1  1 near    730.88464  0.139
- 1  0  1   729.34550 81.2   730.74545    2  2  1   717.96820 79.5   730.74625 
                                          3  2  1   713.71795 72.3   730.74687 

 Searching   3  1  2 near    735.35931  0.136
+ 2  0  2   731.03347 76.2   735.22303    3  2  2   718.24543 77.8   735.22317 
                                          4  2  2   712.50249 72.2   735.22357 

 Searching   4  1  3 near    741.31203  0.132
+-3  0  3   732.83102 78.7   741.17946    4  2  3   718.61017 69.5   741.17941 
                                          5  2  3   711.28674 79.5   741.17946 

 Searching   5  1  4 near    748.72998  0.130
+ 4  0  4   734.75240 62.2   748.59976    5  2  4   719.05409 65.4   748.59971 
                                          6  2  4   710.03032 68.2   748.60043 

 Searching   6  1  5 near    757.59562  0.126
+ 5  0  5   736.81736 64.0   757.46870    6  2  5   719.57086 64.5   757.46918 
                                          7  2  5   708.69809 62.9   757.46970 

 Searching   7  1  6 near    767.88580  0.119
+ 6  0  6   739.04128 77.9   767.76644    7  2  6   720.15103 10.9   767.76825 
                                          8  2  6   707.26225 72.8   767.76556 
                         
 Searching   8  1  7 near    779.57115  0.114
+ 7  0  7   741.41702 67.0   779.45657    8  2  7   720.76717 69.3   779.45798 
                                          9  2  7   705.70000 31.1   779.45868 

 Searching   9  1  8 near    792.61624  0.105
+ 8  0  8   743.93501 67.7   792.51029    9  2  8   721.40323 62.1   792.50966 
                                         10  2  8   703.98984 48.4   792.51071 

 Searching  10  1  9 near    806.98121  0.096
+ 9  0  9   746.56138 70.5   806.88454   10  2  9   722.03384 47.6   806.88448
11  2  9   702.11714 69.4   806.88262 

 Searching  11  1 10 near    822.62548  0.084
-10  0 10   749.25955 73.5   822.54078   11  2 10   722.63114 53.7   822.54072 
                                         12  2 10   700.07607 75.3   822.53846 
                                         
 Searching  12  1 11 near    839.51292  0.076
-11  0 11   751.98554 28.1   839.43686   12  2 11   723.16835 31.9   839.43783 
                                         13  2 11   697.86081 56.6   839.43726 

 Searching  13  1 12 near    857.61665  0.060
+12  0 12   754.71974 76.2   857.55633   13  2 12   723.63829 52.4   857.55544 
                                         14  2 12   695.48796 72.5   857.55587 

 Searching  14  1 13 near    876.92110  0.048
+13  0 13   757.43221 79.6   876.87233   14  2 13   724.03204 42.2   876.87239 
                                         15  2 13   692.97826 67.3   876.87161 

 Searching  15  1 14 near    897.42090  0.037
+14  0 14   760.11877 72.9   897.38318   15  2 14   724.35509 43.3   897.38330 
                                         16  2 14   690.37571 70.5   897.38371 

 Searching  16  1 15 near    919.10141
+-w15 0 15  762.77893 86.7   919.09023   16  2 15   724.61861 31.2   919.08997 
                                         17  2 15   687.71851 74.3   919.08817  

 Searching  17  1 16 near    942.01581  0.020
-16  0 16   765.41319 87.7   941.99526   17  2 16   724.83374 25.9   941.99577 
                                         18  2 16   685.05024 77.6   941.99349 
                                         
 Searching  18  1 17 near    966.12159  0.016
+17  0 17   768.02774 81.3   966.10525   18  2 17   725.01174 34.5   966.10573 
                                         19  2 17   682.40111 79.1   966.10557 

 Searching  19  1 18 near    991.44018  0.011
+18  0 18   770.63064 86.9   991.42873   19  2 18   725.16598 31.7   991.42838 
                                         20  2 18   679.78876 85.0   991.42944 

 Searching  20  1 19 near   1017.97591  0.009
-19  0 19   773.22252 81.6  1017.96659   20  2 19   725.30462 34.4  1017.96819 
                                         21  2 19   677.21746 83.0  1017.96670 