C2HD3gr
s
.500      
 .0010 
 1 1 0      (povtor, Dka, Dkc) 
   21 V= 1 J= 4  4  0                        771.342196
   35 V= 1 J= 5  4  1                        778.363868
   41 V= 1 J= 6  4  2                        786.797371
   61 V= 1 J= 7  4  3                        796.647075
   69 V= 1 J= 8  4  4                        807.918476
   95 V= 1 J= 9  4  5                         820.61856
  105 V= 1 J=10  4  6                        834.756304
  137 V= 1 J=11  4  7                        850.343311
  149 V= 1 J=12  4  8                        867.394516
  187 V= 1 J=13  4  9                        885.928766
  201 V= 1 J=14  4 10                        905.968906
  245 V= 1 J=15  4 11                        927.540848
  261 V= 1 J=16  4 12                        950.671061
  311 V= 1 J=17  4 13                        975.382394
  329 V= 1 J=18  4 14                       1001.689115
  385 V= 1 J=19  4 15                       1029.592898
  405 V= 1 J=20  4 16                       1059.081348
  467 V= 1 J=21  4 17                       1090.129228
  489 V= 1 J=22  4 18                       1122.701175
  555 V= 1 J=23  4 19                       1156.754442
