C2HD3gr      <-    ground level file
expfile_st   <-    spectrum
  .50             <-    range
 .001             <-    accuracy
 764.101915     2  1  1
  1  0  1
  2  2  1
  3  2  1
  1  0  1
  2  2  1
  3  2  1
 768.552450     3  1  2
  2  0  2
  3  2  2
  4  2  2
  2  0  2
  3  2  2
  4  2  2
 774.473446     4  1  3
  3  0  3
  4  2  3
  5  2  3
  3  0  3
  4  2  3
  5  2  3
 781.852537     5  1  4
  4  0  4
  5  2  4
  6  2  4
  4  0  4
  5  2  4
  6  2  4
 790.672815     6  1  5
  5  0  5
  6  2  5
  7  2  5
  5  0  5
  6  2  5
  7  2  5
 800.911996     7  1  6
  6  0  6
  7  2  6
  8  2  6
  6  0  6
  7  2  6
  8  2  6
