Range    : 0.500
Accuracy : 0.001
Control file  : C2HD3gr   
Spectrum file : expfile_st

 Searching   1  1  0 near    767.63042
 No   1:   0  0  0        0.00000  reg   767.130 -   768.130
 No   2:   2  2  0       12.78833  reg   754.342 -   755.342
  0  0  0   767.12573 82.3   767.12573    2  2  0   754.33761  0.0   767.12594
  0  0  0   767.13128 70.5   767.13128    2  2  0   754.34290 82.3   767.13123
  0  0  0   767.14050 95.5   767.14050    2  2  0   754.35262 90.0   767.14095
  0  0  0   767.14629 69.3   767.14629    2  2  0   754.35793  0.0   767.14626
  0  0  0   767.16720 78.4   767.16720    2  2  0   754.37984 91.4   767.16817
  0  0  0   767.18173 96.5   767.18173    2  2  0   754.39432 72.2   767.18265
  0  0  0   767.19160 93.1   767.19160    2  2  0   754.40240 86.2   767.19073
  0  0  0   767.21137 75.8   767.21137    2  2  0   754.42263 68.0   767.21096
  0  0  0   767.23995 91.4   767.23995    2  2  0   754.45070 44.2   767.23903
  0  0  0   767.24420 92.7   767.24420    2  2  0   754.45679 90.1   767.24512
  0  0  0   767.24941 87.0   767.24941    2  2  0   754.46195 83.8   767.25028
  0  0  0   767.29766 69.8   767.29766    2  2  0   754.50871 21.6   767.29704
  0  0  0   767.30346 30.3   767.30346    2  2  0   754.51555 54.6   767.30388
  0  0  0   767.34266 65.0   767.34266    2  2  0   754.55344 33.1   767.34177
  0  0  0   767.36707 87.8   767.36707    2  2  0   754.57959 89.8   767.36792
  0  0  0   767.38593 86.9   767.38593    2  2  0   754.59778 28.5   767.38611
  0  0  0   767.39671 60.7   767.39671    2  2  0   754.60891 15.1   767.39724
  0  0  0   767.40561 92.5   767.40561    2  2  0   754.61808 36.5   767.40641
  0  0  0   767.43638  0.0   767.43638    2  2  0   754.64863 85.4   767.43696
  0  0  0   767.48258 86.9   767.48258    2  2  0   754.69496  0.0   767.48329
  0  0  0   767.51305 63.9   767.51305    2  2  0   754.72530  0.0   767.51363
  0  0  0   767.54305 85.9   767.54305    2  2  0   754.75440 56.6   767.54273
  0  0  0   767.56418  4.7   767.56418    2  2  0   754.77570 47.5   767.56403
  0  0  0   767.57442 55.8   767.57442    2  2  0   754.78599 57.6   767.57432
  0  0  0   767.58808 90.8   767.58808    2  2  0   754.80009 52.7   767.58842
  0  0  0   767.61913 98.6   767.61913    2  2  0   754.83095 46.4   767.61928
  0  0  0   767.62846 33.7   767.62846    2  2  0   754.84080 93.8   767.62913
  0  0  0   767.63469 35.0   767.63469    2  2  0   754.84537 46.2   767.63370
  0  0  0   767.67624 80.4   767.67624    2  2  0   754.88867 53.8   767.67700
  0  0  0   767.70448 54.2   767.70448    2  2  0   754.91660 51.0   767.70493
  0  0  0   767.72045 70.0   767.72045    2  2  0   754.93284 45.8   767.72117
  0  0  0   767.76109 78.8   767.76109    2  2  0   754.97259 65.9   767.76092
  0  0  0   767.76685 16.2   767.76685    2  2  0   754.97810 93.1   767.76643
  0  0  0   767.83156 19.0   767.83156    2  2  0   755.04306 95.8   767.83139
  0  0  0   767.84674 27.1   767.84674    2  2  0   755.05767 57.6   767.84600
  0  0  0   767.88768 55.6   767.88768    2  2  0   755.09852 10.4   767.88685
  0  0  0   767.91637 91.5   767.91637    2  2  0   755.12745 61.2   767.91578
  0  0  0   767.95821 86.7   767.95821    2  2  0   755.16915 63.0   767.95748
  0  0  0   767.96347 77.3   767.96347    2  2  0   755.17422 74.0   767.96255
  0  0  0   767.97701 61.5   767.97701    2  2  0   755.18772  0.0   767.97605
  0  0  0   768.01766 70.0   768.01766    2  2  0   755.22992 35.8   768.01825
  0  0  0   768.02856 15.3   768.02856    2  2  0   755.24040 85.6   768.02873
  0  0  0   768.03809 54.9   768.03809    2  2  0   755.24894 85.1   768.03727
  0  0  0   768.04289 25.1   768.04289    2  2  0   755.25500 67.1   768.04333
  0  0  0   768.05359 83.4   768.05359    2  2  0   755.26598 84.9   768.05431
  0  0  0   768.06444 84.4   768.06444    2  2  0   755.27573 67.6   768.06406
  0  0  0   768.10269 84.3   768.10269    2  2  0   755.31422 88.7   768.10255

 Searching   2  1  1 near    770.60191
 No   1:   1  0  1        1.39995  reg   768.702 -   769.702
 No   2:   2  2  1       12.77805  reg   757.324 -   758.324
 No   3:   3  2  1       17.02892  reg   753.073 -   754.073
  1  0  1   768.70491  0.0   770.10486    2  2  1   757.32769 88.9   770.10574
  1  0  1   768.71573 93.8   770.11568    2  2  1   757.33801 93.8   770.11606
  1  0  1   768.72066 61.2   770.12061    2  2  1   757.34236 94.2   770.12041
  1  0  1   768.72926 76.5   770.12921    2  2  1   757.35161 87.2   770.12966
  1  0  1   768.73759 81.2   770.13754    2  2  1   757.36026 85.8   770.13831
  1  0  1   768.74863 86.4   770.14858    2  2  1   757.37058 82.0   770.14863
  1  0  1   768.76293 67.5   770.16288    3  2  1   753.13495 69.7   770.16387
  1  0  1   768.76706 83.1   770.16701    2  2  1   757.38912  8.7   770.16717
  1  0  1   768.77664 93.7   770.17659    2  2  1   757.39812 95.5   770.17617
  1  0  1   768.78079 82.6   770.18074    2  2  1   757.40303 93.8   770.18108
  1  0  1   768.78621 78.2   770.18616    2  2  1   757.40734 90.7   770.18539
  1  0  1   768.79109 79.9   770.19104    2  2  1   757.41307 64.4   770.19112
                                          3  2  1   753.16262 61.4   770.19154
  1  0  1   768.79586 86.8   770.19581    3  2  1   753.16784 90.8   770.19676
  1  0  1   768.81102 62.2   770.21097    3  2  1   753.18206 94.2   770.21098
  1  0  1   768.82177 62.3   770.22172    3  2  1   753.19334 95.3   770.22226
  1  0  1   768.84220 81.2   770.24215    2  2  1   757.46335 77.3   770.24140
  1  0  1   768.85928 90.4   770.25923    2  2  1   757.48125 57.7   770.25930
  1  0  1   768.86984 89.0   770.26979    3  2  1   753.24054 88.1   770.26946
  1  0  1   768.87879 89.3   770.27874    2  2  1   757.50077 80.3   770.27882
  1  0  1   768.88850 77.7   770.28845    2  2  1   757.50969 96.1   770.28774
  1  0  1   768.89348  3.0   770.29343    2  2  1   757.51461 79.7   770.29266
  1  0  1   768.91299 80.8   770.31294    3  2  1   753.28392 87.5   770.31284
  1  0  1   768.91890 66.0   770.31885    2  2  1   757.54059 76.2   770.31864
                                          3  2  1   753.28994 60.1   770.31886
  1  0  1   768.93437 82.5   770.33432    2  2  1   757.55550 95.4   770.33355
  1  0  1   768.95466 90.3   770.35461    3  2  1   753.32518 73.1   770.35410
  1  0  1   768.95962 77.6   770.35957    3  2  1   753.32986 95.5   770.35878
  1  0  1   768.97570  4.2   770.37565    2  2  1   757.59678 58.8   770.37483
  1  0  1   768.99140 80.1   770.39135    2  2  1   757.61233 28.7   770.39038
  1  0  1   769.00203 10.0   770.40198    2  2  1   757.62319 92.3   770.40124
                                          3  2  1   753.37281 55.3   770.40173
  1  0  1   769.00782 80.4   770.40777    3  2  1   753.37924 89.1   770.40816
  1  0  1   769.01989  0.0   770.41984    3  2  1   753.39108 87.2   770.42000
  1  0  1   769.03134 85.3   770.43129    2  2  1   757.65266  0.0   770.43071
  1  0  1   769.03688 33.9   770.43683    2  2  1   757.65949 64.0   770.43754
  1  0  1   769.04206 86.5   770.44201    2  2  1   757.66439 91.2   770.44244
  1  0  1   769.07702  8.7   770.47697    2  2  1   757.69913  0.0   770.47718
  1  0  1   769.08334 64.3   770.48329    3  2  1   753.45386 66.0   770.48278
  1  0  1   769.08914 65.8   770.48909    2  2  1   757.71004 65.0   770.48809
  1  0  1   769.09443 87.8   770.49438    2  2  1   757.71622 83.6   770.49427
  1  0  1   769.15481  0.0   770.55476    3  2  1   753.52628 54.6   770.55520
  1  0  1   769.16563 90.2   770.56558    2  2  1   757.78787 94.9   770.56592
                                          3  2  1   753.53636 94.7   770.56528
  1  0  1   769.17118 83.7   770.57113    2  2  1   757.79319 59.1   770.57124
  1  0  1   769.18181 54.1   770.58176    2  2  1   757.80273 67.6   770.58078
  1  0  1   769.19727 16.8   770.59722    3  2  1   753.56834 90.8   770.59726
  1  0  1   769.23601 88.9   770.63596    3  2  1   753.60744 76.1   770.63636
  1  0  1   769.24967  8.9   770.64962    3  2  1   753.62050  0.0   770.64942
  1  0  1   769.26808 70.9   770.66803    3  2  1   753.63966 49.0   770.66858
  1  0  1   769.27328 82.3   770.67323    3  2  1   753.64513 82.0   770.67405
  1  0  1   769.27871  0.2   770.67866    3  2  1   753.64930 74.0   770.67822
  1  0  1   769.28728 27.8   770.68723    3  2  1   753.65919 80.8   770.68811
  1  0  1   769.30568 18.0   770.70563    3  2  1   753.67631 21.7   770.70523
  1  0  1   769.31717 87.6   770.71712    2  2  1   757.93961 74.3   770.71766
  1  0  1   769.32488 87.6   770.72483    3  2  1   753.69650 85.9   770.72542
  1  0  1   769.34185 86.5   770.74180    2  2  1   757.96469 39.0   770.74274
  1  0  1   769.34652 92.4   770.74647    3  2  1   753.71834 42.8   770.74726
  1  0  1   769.35262 76.4   770.75257    3  2  1   753.72454 71.9   770.75346
  1  0  1   769.36272 91.3   770.76267    2  2  1   757.98451 58.8   770.76256
  1  0  1   769.36830 67.8   770.76825    2  2  1   757.99005 44.5   770.76810
  1  0  1   769.38144  0.0   770.78139    3  2  1   753.75319 71.2   770.78211
  1  0  1   769.39999  0.0   770.79994    2  2  1   758.02122 93.4   770.79927
  1  0  1   769.41088  5.8   770.81083    2  2  1   758.03362 92.2   770.81167
  1  0  1   769.44874 72.3   770.84869    2  2  1   758.07055 86.1   770.84860
  1  0  1   769.45313 87.5   770.85308    3  2  1   753.82439 79.9   770.85331
  1  0  1   769.45852 53.7   770.85847    3  2  1   753.83009  8.5   770.85901
  1  0  1   769.47686 76.2   770.87681    3  2  1   753.84787 69.9   770.87679
  1  0  1   769.48210  8.1   770.88205    2  2  1   758.10454 89.9   770.88259
                                          3  2  1   753.85389 92.1   770.88281
  1  0  1   769.48833 87.4   770.88828    2  2  1   758.10925 97.9   770.88730
                                          3  2  1   753.85880 83.6   770.88772
  1  0  1   769.49734  0.0   770.89729    2  2  1   758.11927 80.3   770.89732
                                          3  2  1   753.86841 68.0   770.89733
  1  0  1   769.51385 96.3   770.91380    2  2  1   758.13542 55.7   770.91347
                                          3  2  1   753.88418 81.9   770.91310
  1  0  1   769.52614 73.6   770.92609    2  2  1   758.14805 53.9   770.92610
  1  0  1   769.53809 77.0   770.93804    2  2  1   758.15903 63.4   770.93708
  1  0  1   769.55529 89.5   770.95524    3  2  1   753.92644 82.8   770.95536
  1  0  1   769.55986 80.1   770.95981    2  2  1   758.18231 84.4   770.96036
                                          3  2  1   753.93185 32.2   770.96077
  1  0  1   769.56539  0.0   770.96534    3  2  1   753.93639 50.6   770.96531
  1  0  1   769.57605 82.5   770.97600    2  2  1   758.19849 92.6   770.97654
                                          3  2  1   753.94628  0.0   770.97520
  1  0  1   769.59383 87.5   770.99378    3  2  1   753.96477 60.3   770.99369
  1  0  1   769.60016 93.9   771.00011    3  2  1   753.97038 78.4   770.99930
  1  0  1   769.60398 93.5   771.00393    3  2  1   753.97488 84.1   771.00380
  1  0  1   769.62135 64.1   771.02130    2  2  1   758.24329 79.9   771.02134
                                          3  2  1   753.99208 77.3   771.02100
  1  0  1   769.63286  0.6   771.03281    3  2  1   754.00475 29.2   771.03367
  1  0  1   769.64013 50.3   771.04008    2  2  1   758.26270 90.3   771.04075
  1  0  1   769.64549 91.3   771.04544    2  2  1   758.26815 57.2   771.04620
                                          3  2  1   754.01657 95.3   771.04549
  1  0  1   769.65075 92.4   771.05070    3  2  1   754.02129 93.6   771.05021
  1  0  1   769.65502 93.5   771.05497    2  2  1   758.27761  0.0   771.05566
  1  0  1   769.68007 90.9   771.08002    2  2  1   758.30185  0.0   771.07990
  1  0  1   769.68550 95.2   771.08545    2  2  1   758.30752 38.0   771.08557
  1  0  1   769.69769 10.0   771.09764    3  2  1   754.06951 90.6   771.09843
  2  2  1   757.34731 95.1   770.12536    3  2  1   753.09623 84.2   770.12515
  2  2  1   757.35161 87.2   770.12966    3  2  1   753.10173 70.7   770.13065
  2  2  1   757.36604 90.8   770.14409    3  2  1   753.11600 77.4   770.14492
  2  2  1   757.38046 64.5   770.15851    3  2  1   753.12950 57.0   770.15842
  2  2  1   757.41307 64.4   770.19112    3  2  1   753.16262 61.4   770.19154
  2  2  1   757.43778 82.8   770.21583    3  2  1   753.18768 63.7   770.21660
  2  2  1   757.47503 91.8   770.25308    3  2  1   753.22320 39.5   770.25212
  2  2  1   757.49049 84.9   770.26854    3  2  1   753.24054 88.1   770.26946
  2  2  1   757.54059 76.2   770.31864    3  2  1   753.28994 60.1   770.31886
  2  2  1   757.55550 95.4   770.33355    3  2  1   753.30365  0.7   770.33257
  2  2  1   757.56487 68.0   770.34292    3  2  1   753.31371 83.9   770.34263
  2  2  1   757.57073 48.3   770.34878    3  2  1   753.31962 39.4   770.34854
  2  2  1   757.58514  0.0   770.36319    3  2  1   753.33497 56.2   770.36389
  2  2  1   757.61835 81.5   770.39640    3  2  1   753.36680 84.3   770.39572
  2  2  1   757.62319 92.3   770.40124    3  2  1   753.37281 55.3   770.40173
  2  2  1   757.64502 87.8   770.42307    3  2  1   753.39513 86.3   770.42405
  2  2  1   757.67136 73.5   770.44941    3  2  1   753.42072 86.0   770.44964
  2  2  1   757.68021  0.0   770.45826    3  2  1   753.42967 72.8   770.45859
  2  2  1   757.71004 65.0   770.48809    3  2  1   753.45827 83.7   770.48719
  2  2  1   757.72688 87.7   770.50493    3  2  1   753.47657 46.7   770.50549
  2  2  1   757.73356 38.8   770.51161    3  2  1   753.48185 53.5   770.51077
  2  2  1   757.75950 87.5   770.53755    3  2  1   753.50924 91.4   770.53816
  2  2  1   757.76502 75.6   770.54307    3  2  1   753.51356 82.2   770.54248
  2  2  1   757.78787 94.9   770.56592    3  2  1   753.53636 94.7   770.56528
  2  2  1   757.80273 67.6   770.58078    3  2  1   753.55120 25.8   770.58012
  2  2  1   757.80739 39.5   770.58544    3  2  1   753.55701 95.8   770.58593
  2  2  1   757.81284 84.8   770.59089    3  2  1   753.56278 80.4   770.59170
  2  2  1   757.91528 80.0   770.69333    3  2  1   753.66376 95.3   770.69268
  2  2  1   757.95099 51.9   770.72904    3  2  1   753.70091 91.7   770.72983
  2  2  1   757.95661 96.2   770.73466    3  2  1   753.70506 86.0   770.73398
  2  2  1   758.03910 47.2   770.81715    3  2  1   753.78795 83.8   770.81687
  2  2  1   758.05260 77.9   770.83065    3  2  1   753.80176 83.5   770.83068
  2  2  1   758.08165 94.4   770.85970    3  2  1   753.83009  8.5   770.85901
  2  2  1   758.08732 85.4   770.86537    3  2  1   753.83626 27.5   770.86518
  2  2  1   758.10454 89.9   770.88259    3  2  1   753.85389 92.1   770.88281
  2  2  1   758.10925 97.9   770.88730    3  2  1   753.85880 83.6   770.88772
  2  2  1   758.11927 80.3   770.89732    3  2  1   753.86841 68.0   770.89733
  2  2  1   758.12475 84.2   770.90280    3  2  1   753.87411  0.0   770.90303
  2  2  1   758.13542 55.7   770.91347    3  2  1   753.88418 81.9   770.91310
  2  2  1   758.15903 63.4   770.93708    3  2  1   753.90809 52.4   770.93701
  2  2  1   758.16846 81.8   770.94651    3  2  1   753.91715 93.7   770.94607
  2  2  1   758.18231 84.4   770.96036    3  2  1   753.93185 32.2   770.96077
  2  2  1   758.24329 79.9   771.02134    3  2  1   753.99208 77.3   771.02100
  2  2  1   758.26815 57.2   771.04620    3  2  1   754.01657 95.3   771.04549
  2  2  1   758.28327 87.7   771.06132    3  2  1   754.03314  0.0   771.06206
  2  2  1   758.29073 83.8   771.06878    3  2  1   754.03991 78.7   771.06883
  2  2  1   758.31438 80.0   771.09243    3  2  1   754.06411 65.3   771.09303

 Searching   3  1  2 near    775.05245
 No   1:   2  0  2        4.18956  reg   770.363 -   771.363
 No   2:   3  2  2       16.97774  reg   757.575 -   758.575
 No   3:   4  2  2       22.72108  reg   751.831 -   752.831
  2  0  2   770.36301 80.8   774.55257    4  2  2   751.83053 92.9   774.55161
  2  0  2   770.37186  3.2   774.56142    4  2  2   751.83999 89.1   774.56107
  2  0  2   770.38459 86.1   774.57415    3  2  2   757.59678 58.8   774.57452
  2  0  2   770.39999 32.4   774.58955    3  2  2   757.61233 28.7   774.59007
  2  0  2   770.40599 87.4   774.59555    3  2  2   757.61835 81.5   774.59609
  2  0  2   770.41207 66.2   774.60163    3  2  2   757.62319 92.3   774.60093
  2  0  2   770.42476 93.7   774.61432    4  2  2   751.89289 93.3   774.61397
  2  0  2   770.42978 86.7   774.61934    4  2  2   751.89884 87.3   774.61992
  2  0  2   770.43415 82.2   774.62371    3  2  2   757.64502 87.8   774.62276
  2  0  2   770.45985 87.1   774.64941    3  2  2   757.67136 73.5   774.64910
  2  0  2   770.46458 83.1   774.65414    4  2  2   751.93274  0.0   774.65382
  2  0  2   770.46917 87.4   774.65873    3  2  2   757.68021  0.0   774.65795
  2  0  2   770.51413 43.3   774.70369    3  2  2   757.72688 87.7   774.70462
  2  0  2   770.52884 78.4   774.71840    4  2  2   751.99793 42.9   774.71901
  2  0  2   770.53543 87.2   774.72499    3  2  2   757.74641 79.5   774.72415
                                          4  2  2   752.00326 70.4   774.72434
  2  0  2   770.54189 28.5   774.73145    3  2  2   757.75393 59.1   774.73167
  2  0  2   770.54713 84.1   774.73669    3  2  2   757.75950 87.5   774.73724
  2  0  2   770.55377 14.0   774.74333    3  2  2   757.76502 75.6   774.74276
  2  0  2   770.56375 94.3   774.75331    4  2  2   752.03204 88.8   774.75312
  2  0  2   770.58536 55.8   774.77492    3  2  2   757.79780 75.1   774.77554
                                          4  2  2   752.05398 45.3   774.77506
  2  0  2   770.59515 81.2   774.78471    3  2  2   757.80739 39.5   774.78513
  2  0  2   770.60051 96.0   774.79007    3  2  2   757.81284 84.8   774.79058
  2  0  2   770.61484 85.3   774.80440    3  2  2   757.82685 93.9   774.80459
  2  0  2   770.61908 84.9   774.80864    3  2  2   757.83158 96.0   774.80932
  2  0  2   770.62513 34.1   774.81469    4  2  2   752.09315 82.1   774.81423
  2  0  2   770.63108 34.3   774.82064    4  2  2   752.09896 86.5   774.82004
  2  0  2   770.66106 90.7   774.85062    4  2  2   752.12945 73.2   774.85053
  2  0  2   770.66675 75.2   774.85631    3  2  2   757.87869 77.2   774.85643
                                          4  2  2   752.13458 84.0   774.85566
  2  0  2   770.67177 81.9   774.86133    4  2  2   752.14117  0.0   774.86225
  2  0  2   770.70725 54.3   774.89681    3  2  2   757.91905 73.7   774.89679
  2  0  2   770.73098  0.0   774.92054    4  2  2   752.19872  0.0   774.91980
  2  0  2   770.74080 51.7   774.93036    4  2  2   752.20906  0.0   774.93014
  2  0  2   770.75310 36.1   774.94266    3  2  2   757.96469 39.0   774.94243
  2  0  2   770.75919 79.2   774.94875    3  2  2   757.97062 82.3   774.94836
  2  0  2   770.76479 75.5   774.95435    3  2  2   757.97725  0.0   774.95499
  2  0  2   770.77274 87.2   774.96230    3  2  2   757.98451 58.8   774.96225
  2  0  2   770.78297  4.6   774.97253    3  2  2   757.99550 88.5   774.97324
                                          4  2  2   752.25213 18.0   774.97321
  2  0  2   770.81144 95.4   775.00100    4  2  2   752.27913 56.0   775.00021
  2  0  2   770.81608 93.7   775.00564    3  2  2   758.02705 61.7   775.00479
  2  0  2   770.83531 86.8   775.02487    3  2  2   758.04730 93.4   775.02504
  2  0  2   770.85290 91.8   775.04246    4  2  2   752.32123 87.8   775.04231
  2  0  2   770.86189 91.9   775.05145    4  2  2   752.33000 60.4   775.05108
  2  0  2   770.89850 69.9   775.08806    4  2  2   752.36614  0.5   775.08722
  2  0  2   770.90402 95.1   775.09358    4  2  2   752.37246  6.2   775.09354
  2  0  2   770.91211 96.2   775.10167    3  2  2   758.12475 84.2   775.10249
                                          4  2  2   752.38118 63.9   775.10226
  2  0  2   770.91761 71.1   775.10717    4  2  2   752.38666 83.4   775.10774
  2  0  2   770.92301 77.2   775.11257    3  2  2   758.13542 55.7   775.11316
                                          4  2  2   752.39245 59.3   775.11353
  2  0  2   770.95984 81.3   775.14940    4  2  2   752.42798  0.0   775.14906
  2  0  2   770.97117 68.6   775.16073    3  2  2   758.18231 84.4   775.16005
  2  0  2   770.97590 81.6   775.16546    3  2  2   758.18860 94.2   775.16634
  2  0  2   770.98186 50.5   775.17142    4  2  2   752.44998 83.6   775.17106
  2  0  2   770.98682 62.0   775.17638    3  2  2   758.19849 92.6   775.17623
                                          4  2  2   752.45575 72.0   775.17683
  2  0  2   770.99291 61.7   775.18247    3  2  2   758.20491 96.2   775.18265
                                          4  2  2   752.46214 15.6   775.18322
  2  0  2   771.01697 55.2   775.20653    3  2  2   758.22814 90.4   775.20588
  2  0  2   771.02392 57.1   775.21348    4  2  2   752.49293 91.8   775.21401
  2  0  2   771.03928 94.1   775.22884    4  2  2   752.50817 90.4   775.22925
  2  0  2   771.07111 57.0   775.26067    3  2  2   758.28327 87.7   775.26101
  2  0  2   771.07856 81.8   775.26812    3  2  2   758.29073 83.8   775.26847
  2  0  2   771.08501 97.4   775.27457    3  2  2   758.29685 13.2   775.27459
  2  0  2   771.08983 91.4   775.27939    3  2  2   758.30185  0.0   775.27959
  2  0  2   771.09562 63.9   775.28518    3  2  2   758.30752 38.0   775.28526
  2  0  2   771.10619 72.8   775.29575    4  2  2   752.57454 93.5   775.29562
  2  0  2   771.11124 84.5   775.30080    3  2  2   758.32370 81.3   775.30144
  2  0  2   771.13458 20.2   775.32414    4  2  2   752.60213 83.6   775.32321
  2  0  2   771.14845 73.8   775.33801    3  2  2   758.36022 82.6   775.33796
  2  0  2   771.17292 94.1   775.36248    4  2  2   752.64109 62.5   775.36217
  2  0  2   771.18589 63.6   775.37545    4  2  2   752.65478 69.1   775.37586
  2  0  2   771.19595 84.7   775.38551    4  2  2   752.66408 88.3   775.38516
  2  0  2   771.20488 63.5   775.39444    3  2  2   758.41571 90.5   775.39345
  2  0  2   771.21878 75.0   775.40834    3  2  2   758.43128  0.0   775.40902
  2  0  2   771.28486 84.2   775.47442    3  2  2   758.49704 89.7   775.47478
  2  0  2   771.32776 17.3   775.51732    3  2  2   758.53914 82.4   775.51688
  2  0  2   771.33185 34.0   775.52141    3  2  2   758.54459 13.8   775.52233
  2  0  2   771.33700 63.5   775.52656    3  2  2   758.54938 23.9   775.52712
                                          4  2  2   752.80552 53.8   775.52660
  2  0  2   771.34266 84.8   775.53222    3  2  2   758.55419 83.5   775.53193
                                          4  2  2   752.81197 51.1   775.53305
  2  0  2   771.34777 85.1   775.53733    3  2  2   758.55967 68.5   775.53741
                                          4  2  2   752.81694 28.0   775.53802
  2  0  2   771.36330 94.7   775.55286    4  2  2   752.83201 84.6   775.55309
  3  2  2   757.65949 64.0   774.63723    4  2  2   751.91567  0.0   774.63675
  3  2  2   757.69913  0.0   774.67687    4  2  2   751.95584 90.7   774.67692
  3  2  2   757.74641 79.5   774.72415    4  2  2   752.00326 70.4   774.72434
  3  2  2   757.75393 59.1   774.73167    4  2  2   752.01152 94.5   774.73260
  3  2  2   757.79780 75.1   774.77554    4  2  2   752.05398 45.3   774.77506
  3  2  2   757.83573 86.0   774.81347    4  2  2   752.09315 82.1   774.81423
  3  2  2   757.87869 77.2   774.85643    4  2  2   752.13458 84.0   774.85566
  3  2  2   757.90427  0.0   774.88201    4  2  2   752.16151 79.2   774.88259
  3  2  2   757.91528 80.0   774.89302    4  2  2   752.17151 95.0   774.89259
  3  2  2   757.99550 88.5   774.97324    4  2  2   752.25213 18.0   774.97321
  3  2  2   758.01100 70.7   774.98874    4  2  2   752.26860 56.5   774.98969
  3  2  2   758.05260 77.9   775.03034    4  2  2   752.30865 81.7   775.02973
  3  2  2   758.10925 97.9   775.08699    4  2  2   752.36614  0.5   775.08722
  3  2  2   758.12475 84.2   775.10249    4  2  2   752.38118 63.9   775.10226
  3  2  2   758.13542 55.7   775.11316    4  2  2   752.39245 59.3   775.11353
  3  2  2   758.15903 63.4   775.13677    4  2  2   752.41560  0.3   775.13668
  3  2  2   758.19849 92.6   775.17623    4  2  2   752.45575 72.0   775.17683
  3  2  2   758.20491 96.2   775.18265    4  2  2   752.46214 15.6   775.18322
  3  2  2   758.21169 23.5   775.18943    4  2  2   752.46897  0.5   775.19005
  3  2  2   758.24329 79.9   775.22103    4  2  2   752.50035 49.9   775.22143
  3  2  2   758.26815 57.2   775.24589    4  2  2   752.52504 81.0   775.24612
  3  2  2   758.28327 87.7   775.26101    4  2  2   752.54086  0.0   775.26194
  3  2  2   758.32370 81.3   775.30144    4  2  2   752.58130 68.9   775.30238
  3  2  2   758.33491 95.3   775.31265    4  2  2   752.59198  2.7   775.31306
  3  2  2   758.39104 59.1   775.36878    4  2  2   752.64788 82.5   775.36896
  3  2  2   758.44219 82.0   775.41993    4  2  2   752.69808  0.2   775.41916
  3  2  2   758.51399 70.6   775.49173    4  2  2   752.76987 88.9   775.49095
  3  2  2   758.54938 23.9   775.52712    4  2  2   752.80552 53.8   775.52660
  3  2  2   758.55967 68.5   775.53741    4  2  2   752.81694 28.0   775.53802
  3  2  2   758.56482 81.8   775.54256    4  2  2   752.82247 91.4   775.54355

 Searching   4  1  3 near    780.97345
 No   1:   3  0  3        8.34844  reg   772.125 -   773.125
 No   2:   4  2  3       22.56924  reg   757.904 -   758.904
 No   3:   5  2  3       29.89272  reg   750.581 -   751.581
  3  0  3   772.12370 95.8   780.47214    5  2  3   750.58024 85.3   780.47296
  3  0  3   772.12977 57.6   780.47821    5  2  3   750.58451 70.3   780.47723
  3  0  3   772.13418 83.3   780.48262    5  2  3   750.59024 96.1   780.48296
  3  0  3   772.13993 91.9   780.48837    4  2  3   757.91905 73.7   780.48829
  3  0  3   772.14731  4.4   780.49575    5  2  3   750.60356 90.1   780.49628
  3  0  3   772.15957 86.8   780.50801    4  2  3   757.93961 74.3   780.50885
  3  0  3   772.16510 87.6   780.51354    4  2  3   757.94495 84.1   780.51419
  3  0  3   772.17066 92.3   780.51910    5  2  3   750.62656 43.1   780.51928
  3  0  3   772.18577 87.1   780.53421    4  2  3   757.96469 39.0   780.53393
  3  0  3   772.19149 84.1   780.53993    4  2  3   757.97062 82.3   780.53986
  3  0  3   772.19679 93.4   780.54523    5  2  3   750.65244 36.0   780.54516
  3  0  3   772.20443 77.1   780.55287    4  2  3   757.98451 58.8   780.55375
  3  0  3   772.21150 91.1   780.55994    4  2  3   757.99005 44.5   780.55929
  3  0  3   772.21729 81.7   780.56573    4  2  3   757.99550 88.5   780.56474
                                          5  2  3   750.67328 77.9   780.56600
  3  0  3   772.23269 89.1   780.58113    4  2  3   758.01100 70.7   780.58024
  3  0  3   772.23918 83.8   780.58762    5  2  3   750.69491 63.8   780.58763
  3  0  3   772.24418 89.6   780.59262    5  2  3   750.69999  8.9   780.59271
  3  0  3   772.25042 15.6   780.59886    5  2  3   750.70615 90.4   780.59887
  3  0  3   772.26052 83.8   780.60896    4  2  3   758.03910 47.2   780.60834
  3  0  3   772.26900  0.0   780.61744    4  2  3   758.04730 93.4   780.61654
  3  0  3   772.27926 12.4   780.62770    4  2  3   758.05868 91.3   780.62792
  3  0  3   772.29156 45.0   780.64000    4  2  3   758.07055 86.1   780.63979
  3  0  3   772.29728 93.4   780.64572    4  2  3   758.07645 94.6   780.64569
                                          5  2  3   750.75327 32.6   780.64599
  3  0  3   772.30238 82.7   780.65082    4  2  3   758.08165 94.4   780.65089
                                          5  2  3   750.75828 64.6   780.65100
  3  0  3   772.34035  2.5   780.68879    4  2  3   758.11927 80.3   780.68851
  3  0  3   772.34581 82.4   780.69425    4  2  3   758.12475 84.2   780.69399
  3  0  3   772.35580 26.0   780.70424    4  2  3   758.13542 55.7   780.70466
  3  0  3   772.37418  6.7   780.72262    4  2  3   758.15401 83.9   780.72325
                                          5  2  3   750.82990 87.2   780.72262
  3  0  3   772.39255 42.9   780.74099    5  2  3   750.84797  0.0   780.74069
  3  0  3   772.40995 28.9   780.75839    4  2  3   758.18860 94.2   780.75784
  3  0  3   772.41651 59.4   780.76495    5  2  3   750.87142 94.1   780.76414
  3  0  3   772.43370 65.0   780.78214    5  2  3   750.89037 83.8   780.78309
  3  0  3   772.44039 84.7   780.78883    4  2  3   758.21925 76.5   780.78849
  3  0  3   772.48957 87.4   780.83801    4  2  3   758.26815 57.2   780.83739
  3  0  3   772.49455 90.0   780.84299    5  2  3   750.94995 70.5   780.84267
  3  0  3   772.50050  4.2   780.84894    5  2  3   750.95628  2.2   780.84900
  3  0  3   772.51821 75.9   780.86665    4  2  3   758.29685 13.2   780.86609
  3  0  3   772.52337 24.9   780.87181    4  2  3   758.30185  0.0   780.87109
  3  0  3   772.52839 87.8   780.87683    4  2  3   758.30752 38.0   780.87676
  3  0  3   772.53276 95.2   780.88120    5  2  3   750.98939 92.8   780.88211
  3  0  3   772.53747 81.0   780.88591    5  2  3   750.99388 91.0   780.88660
  3  0  3   772.54438 89.1   780.89282    4  2  3   758.32370 81.3   780.89294
                                          5  2  3   750.99983 15.0   780.89255
  3  0  3   772.57592 87.3   780.92436    5  2  3   751.03085 36.8   780.92357
  3  0  3   772.58084 81.7   780.92928    4  2  3   758.36022 82.6   780.92946
  3  0  3   772.58597 82.4   780.93441    5  2  3   751.04126 39.1   780.93398
  3  0  3   772.59077 71.7   780.93921    5  2  3   751.04693 88.3   780.93965
  3  0  3   772.59633 92.6   780.94477    5  2  3   751.05199 92.6   780.94471
  3  0  3   772.61552 96.6   780.96396    5  2  3   751.07071 12.6   780.96343
  3  0  3   772.62671 87.6   780.97515    4  2  3   758.40633 95.8   780.97557
  3  0  3   772.63162 63.3   780.98006    4  2  3   758.41127 92.3   780.98051
  3  0  3   772.65681 93.3   781.00525    5  2  3   751.11314 59.3   781.00586
  3  0  3   772.68642 91.7   781.03486    4  2  3   758.46508 75.0   781.03432
  3  0  3   772.69612 93.5   781.04456    5  2  3   751.15229  4.7   781.04501
  3  0  3   772.70594  0.0   781.05438    4  2  3   758.48577 83.7   781.05501
  3  0  3   772.71824 92.7   781.06668    4  2  3   758.49704 89.7   781.06628
  3  0  3   772.72388 90.5   781.07232    4  2  3   758.50338 96.6   781.07262
  3  0  3   772.73454 84.9   781.08298    4  2  3   758.51399 70.6   781.08323
  3  0  3   772.73947 93.0   781.08791    5  2  3   751.19598 63.7   781.08870
  3  0  3   772.74499 95.7   781.09343    4  2  3   758.52403 68.0   781.09327
  3  0  3   772.74917 95.1   781.09761    4  2  3   758.52921 92.0   781.09845
                                          5  2  3   751.20429 74.8   781.09701
  3  0  3   772.75470 66.6   781.10314    4  2  3   758.53462 56.5   781.10386
                                          5  2  3   751.21039 56.3   781.10311
  3  0  3   772.76480  0.0   781.11324    4  2  3   758.54459 13.8   781.11383
  3  0  3   772.77757 78.3   781.12601    5  2  3   751.23352 36.2   781.12624
  3  0  3   772.78591 89.8   781.13435    4  2  3   758.56482 81.8   781.13406
  3  0  3   772.79186 59.4   781.14030    4  2  3   758.57202 77.7   781.14126
  3  0  3   772.79746 66.4   781.14590    4  2  3   758.57756 84.7   781.14680
  3  0  3   772.82897 78.1   781.17741    4  2  3   758.60896 93.6   781.17820
  3  0  3   772.83434 67.2   781.18278    4  2  3   758.61300 95.3   781.18224
  3  0  3   772.84440 85.4   781.19284    4  2  3   758.62324 59.4   781.19248
  3  0  3   772.84952 87.4   781.19796    4  2  3   758.62772 25.9   781.19696
  3  0  3   772.85843 96.4   781.20687    4  2  3   758.63743  0.0   781.20667
  3  0  3   772.86785 89.6   781.21629    4  2  3   758.64712 94.2   781.21636
  3  0  3   772.87438 22.0   781.22282    4  2  3   758.65285 83.5   781.22209
  3  0  3   772.88133 87.4   781.22977    4  2  3   758.66103 84.1   781.23027
                                          5  2  3   751.33649  0.0   781.22921
  3  0  3   772.88626 86.2   781.23470    4  2  3   758.66538 76.4   781.23462
                                          5  2  3   751.34217  4.1   781.23489
  3  0  3   772.89186  1.5   781.24030    4  2  3   758.67136 64.6   781.24060
                                          5  2  3   751.34714 54.0   781.23986
  3  0  3   772.90984 82.8   781.25828    4  2  3   758.68930  3.5   781.25854
  3  0  3   772.93834 89.9   781.28678    5  2  3   751.39308 81.4   781.28580
  3  0  3   772.98710  4.2   781.33554    5  2  3   751.44296 80.3   781.33568
  3  0  3   772.99268 87.8   781.34112    5  2  3   751.44925 77.5   781.34197
  3  0  3   773.01384 88.9   781.36228    5  2  3   751.47014 84.8   781.36286
  3  0  3   773.01834 87.0   781.36678    5  2  3   751.47474 72.6   781.36746
  3  0  3   773.02412 26.0   781.37256    5  2  3   751.48001 79.9   781.37273
  3  0  3   773.03402 91.0   781.38246    4  2  3   758.81234 80.5   781.38158
                                          5  2  3   751.48971 65.8   781.38243
  3  0  3   773.03905 83.5   781.38749    5  2  3   751.49520 87.0   781.38792
  3  0  3   773.04350 96.8   781.39194    4  2  3   758.82272 51.8   781.39196
                                          5  2  3   751.50004 83.7   781.39276
  3  0  3   773.05904 71.2   781.40748    5  2  3   751.51550 70.8   781.40823
  3  0  3   773.06427 93.7   781.41271    5  2  3   751.52093 39.9   781.41365
  3  0  3   773.07532  8.5   781.42376    5  2  3   751.53039  1.4   781.42311
  3  0  3   773.08115 82.9   781.42959    4  2  3   758.86065 88.0   781.42989
  3  0  3   773.08546 95.7   781.43390    5  2  3   751.54053 88.4   781.43325
  3  0  3   773.09096 89.9   781.43940    5  2  3   751.54568 75.5   781.43840
  3  0  3   773.10769 75.0   781.45613    4  2  3   758.88601 95.3   781.45525
  3  0  3   773.12383 57.7   781.47227    4  2  3   758.90216 18.2   781.47140
  3  0  3   773.13187  0.0   781.48031    4  2  3   758.91116 88.2   781.48040
  4  2  3   757.90427  0.0   780.47351    5  2  3   750.58024 85.3   780.47296
  4  2  3   757.93069 86.3   780.49993    5  2  3   750.60819 80.7   780.50091
  4  2  3   757.95099 51.9   780.52023    5  2  3   750.62656 43.1   780.51928
  4  2  3   757.95661 96.2   780.52585    5  2  3   750.63225 88.9   780.52497
  4  2  3   758.05260 77.9   780.62184    5  2  3   750.72922 29.6   780.62194
  4  2  3   758.07645 94.6   780.64569    5  2  3   750.75327 32.6   780.64599
  4  2  3   758.08165 94.4   780.65089    5  2  3   750.75828 64.6   780.65100
  4  2  3   758.08732 85.4   780.65656    5  2  3   750.76424 92.0   780.65696
  4  2  3   758.10454 89.9   780.67378    5  2  3   750.78016 83.2   780.67288
  4  2  3   758.15401 83.9   780.72325    5  2  3   750.82990 87.2   780.72262
  4  2  3   758.15903 63.4   780.72827    5  2  3   750.83495 56.5   780.72767
  4  2  3   758.16437 81.3   780.73361    5  2  3   750.84159 32.8   780.73431
  4  2  3   758.18231 84.4   780.75155    5  2  3   750.85844 52.5   780.75116
  4  2  3   758.18860 94.2   780.75784    5  2  3   750.86455 84.8   780.75727
  4  2  3   758.19849 92.6   780.76773    5  2  3   750.87574 86.6   780.76846
  4  2  3   758.20491 96.2   780.77415    5  2  3   750.88111 75.0   780.77383
  4  2  3   758.21925 76.5   780.78849    5  2  3   750.89489 91.2   780.78761
  4  2  3   758.22814 90.4   780.79738    5  2  3   750.90542 74.0   780.79814
  4  2  3   758.23370 62.3   780.80294    5  2  3   750.91032 82.4   780.80304
  4  2  3   758.24761 70.7   780.81685    5  2  3   750.92401  0.5   780.81673
  4  2  3   758.32370 81.3   780.89294    5  2  3   750.99983 15.0   780.89255
  4  2  3   758.33067 87.8   780.89991    5  2  3   751.00736 86.2   780.90008
  4  2  3   758.35367 87.7   780.92291    5  2  3   751.03085 36.8   780.92357
  4  2  3   758.38231 80.4   780.95155    5  2  3   751.05838 36.9   780.95110
  4  2  3   758.40633 95.8   780.97557    5  2  3   751.08385 41.8   780.97657
  4  2  3   758.41571 90.5   780.98495    5  2  3   751.09288 92.0   780.98560
  4  2  3   758.44219 82.0   781.01143    5  2  3   751.11938 35.7   781.01210
  4  2  3   758.48577 83.7   781.05501    5  2  3   751.16301 86.5   781.05573
  4  2  3   758.53462 56.5   781.10386    5  2  3   751.21039 56.3   781.10311
  4  2  3   758.66538 76.4   781.23462    5  2  3   751.34217  4.1   781.23489
  4  2  3   758.67136 64.6   781.24060    5  2  3   751.34714 54.0   781.23986
  4  2  3   758.70163 64.4   781.27087    5  2  3   751.37761 55.1   781.27033
  4  2  3   758.73880 79.2   781.30804    5  2  3   751.41433 61.9   781.30705
  4  2  3   758.74807 89.1   781.31731    5  2  3   751.42532 91.9   781.31804
  4  2  3   758.75343  0.0   781.32267    5  2  3   751.43009 73.6   781.32281
  4  2  3   758.81234 80.5   781.38158    5  2  3   751.48971 65.8   781.38243
  4  2  3   758.82272 51.8   781.39196    5  2  3   751.50004 83.7   781.39276
  4  2  3   758.87521 94.9   781.44445    5  2  3   751.55162 90.0   781.44434

 Searching   5  1  4 near    788.35254
 No   1:   4  0  4       13.84736  reg   774.005 -   775.005
 No   2:   5  2  4       29.54562  reg   758.307 -   759.307
 No   3:   6  2  4       38.57011  reg   749.282 -   750.282
  4  0  4   774.01957 91.9   787.86693    6  2  4   749.29670 92.0   787.86681
  4  0  4   774.02466 88.5   787.87202    6  2  4   749.30167 93.0   787.87178
  4  0  4   774.02990 36.5   787.87726    5  2  4   758.33067 87.8   787.87629
                                          6  2  4   749.30665 67.0   787.87676
  4  0  4   774.03570 91.6   787.88306    6  2  4   749.31203  7.0   787.88214
  4  0  4   774.04071 94.1   787.88807    6  2  4   749.31818 84.0   787.88829
  4  0  4   774.04449 95.7   787.89185    6  2  4   749.32246 75.7   787.89257
  4  0  4   774.07234 85.7   787.91970    5  2  4   758.37431  0.0   787.91993
  4  0  4   774.08100 70.5   787.92836    5  2  4   758.38231 80.4   787.92793
  4  0  4   774.08925 92.2   787.93661    5  2  4   758.39104 59.1   787.93666
  4  0  4   774.09520 24.7   787.94256    5  2  4   758.39660 82.9   787.94222
  4  0  4   774.10436  0.5   787.95172    5  2  4   758.40633 95.8   787.95195
  4  0  4   774.10935 79.6   787.95671    5  2  4   758.41127 92.3   787.95689
                                          6  2  4   749.38566 54.6   787.95577
  4  0  4   774.11477 65.9   787.96213    5  2  4   758.41571 90.5   787.96133
  4  0  4   774.12152 73.6   787.96888    6  2  4   749.39953 78.4   787.96964
  4  0  4   774.14093 94.8   787.98829    5  2  4   758.44219 82.0   787.98781
                                          6  2  4   749.41866 77.5   787.98877
  4  0  4   774.14612 29.2   787.99348    6  2  4   749.42270 90.2   787.99281
  4  0  4   774.15179 70.8   787.99915    6  2  4   749.42831 27.1   787.99842
  4  0  4   774.15662 62.4   788.00398    5  2  4   758.45743  0.0   788.00305
  4  0  4   774.20349  2.5   788.05085    6  2  4   749.48043  0.0   788.05054
  4  0  4   774.20931 83.4   788.05667    6  2  4   749.48750 55.9   788.05761
  4  0  4   774.21926 77.6   788.06662    6  2  4   749.49703 89.2   788.06714
  4  0  4   774.22825 81.8   788.07561    5  2  4   758.52921 92.0   788.07483
  4  0  4   774.23296 93.8   788.08032    5  2  4   758.53462 56.5   788.08024
  4  0  4   774.23818 20.8   788.08554    5  2  4   758.53914 82.4   788.08476
  4  0  4   774.24319 42.5   788.09055    5  2  4   758.54459 13.8   788.09021
  4  0  4   774.24855 87.7   788.09591    5  2  4   758.54938 23.9   788.09500
                                          6  2  4   749.52513  4.5   788.09524
  4  0  4   774.25269 91.8   788.10005    5  2  4   758.55419 83.5   788.09981
  4  0  4   774.25739 26.2   788.10475    5  2  4   758.55967 68.5   788.10529
  4  0  4   774.26259 73.5   788.10995    5  2  4   758.56482 81.8   788.11044
  4  0  4   774.28228 63.2   788.12964    5  2  4   758.58382 80.9   788.12944
                                          6  2  4   749.55943 84.9   788.12954
  4  0  4   774.29044 98.0   788.13780    5  2  4   758.59209  0.0   788.13771
  4  0  4   774.31487 97.9   788.16223    5  2  4   758.61702 91.9   788.16264
  4  0  4   774.34862 90.8   788.19598    6  2  4   749.62576 85.6   788.19587
  4  0  4   774.35437 83.9   788.20173    5  2  4   758.65528 84.0   788.20090
                                          6  2  4   749.63087 82.0   788.20098
  4  0  4   774.36968  0.0   788.21704    5  2  4   758.67136 64.6   788.21698
  4  0  4   774.38806  0.0   788.23542    5  2  4   758.68930  3.5   788.23492
                                          6  2  4   749.66495 89.5   788.23506
  4  0  4   774.39955 57.4   788.24691    5  2  4   758.70163 64.4   788.24725
  4  0  4   774.41840 93.5   788.26576    5  2  4   758.72080  0.0   788.26642
  4  0  4   774.43661 91.0   788.28397    5  2  4   758.73880 79.2   788.28442
  4  0  4   774.45676 28.0   788.30412    5  2  4   758.75876 86.3   788.30438
  4  0  4   774.46249 82.5   788.30985    5  2  4   758.76489  0.6   788.31051
  4  0  4   774.48024 59.9   788.32760    6  2  4   749.75706 38.8   788.32717
  4  0  4   774.50396 89.5   788.35131    5  2  4   758.80651 10.7   788.35213
                                          6  2  4   749.78089  9.9   788.35100
  4  0  4   774.50949 72.8   788.35685    6  2  4   749.78607 89.9   788.35618
  4  0  4   774.51467 77.2   788.36203    5  2  4   758.81649 81.3   788.36211
  4  0  4   774.52024 96.7   788.36760    5  2  4   758.82272 51.8   788.36834
  4  0  4   774.54362 25.0   788.39098    5  2  4   758.84614 39.3   788.39176
  4  0  4   774.55016 91.3   788.39752    5  2  4   758.85204 43.4   788.39766
  4  0  4   774.56452  0.0   788.41188    5  2  4   758.86637  0.0   788.41199
                                          6  2  4   749.84138 88.1   788.41149
  4  0  4   774.57219 45.1   788.41955    6  2  4   749.84977 79.9   788.41988
  4  0  4   774.57850 83.8   788.42586    5  2  4   758.88038 76.0   788.42600
                                          6  2  4   749.85557 87.1   788.42568
  4  0  4   774.60036 89.1   788.44772    5  2  4   758.90216 18.2   788.44778
                                          6  2  4   749.87748 45.3   788.44759
  4  0  4   774.60965 16.1   788.45701    5  2  4   758.91116 88.2   788.45678
                                          6  2  4   749.88643  5.7   788.45654
  4  0  4   774.64294 95.5   788.49030    5  2  4   758.94398  0.0   788.48960
                                          6  2  4   749.92092 49.6   788.49103
  4  0  4   774.65316 91.9   788.50052    6  2  4   749.93036 83.5   788.50047
  4  0  4   774.67954 75.3   788.52690    5  2  4   758.98082 71.5   788.52644
  4  0  4   774.70365 88.2   788.55101    6  2  4   749.98010 68.9   788.55021
  4  0  4   774.70750 81.5   788.55486    5  2  4   759.00851 87.0   788.55413
  4  0  4   774.72727  8.6   788.57463    6  2  4   750.00411  0.0   788.57422
  4  0  4   774.74991 95.0   788.59727    6  2  4   750.02713 82.2   788.59724
  4  0  4   774.75471 86.7   788.60207    6  2  4   750.03127 43.8   788.60138
  4  0  4   774.78090 29.7   788.62826    5  2  4   759.08313 82.6   788.62875
  4  0  4   774.78673  0.0   788.63409    5  2  4   759.08870 40.8   788.63432
                                          6  2  4   750.06421 86.7   788.63432
  4  0  4   774.79650 74.4   788.64386    6  2  4   750.07384  0.0   788.64395
  4  0  4   774.81605 39.4   788.66341    6  2  4   750.09394 65.1   788.66405
  4  0  4   774.82387 88.7   788.67123    6  2  4   750.10129 91.4   788.67140
  4  0  4   774.82865 92.8   788.67601    6  2  4   750.10604 56.0   788.67615
  4  0  4   774.83437 13.1   788.68173    6  2  4   750.11078 92.7   788.68089
  4  0  4   774.86440 90.8   788.71176    5  2  4   759.16679 86.0   788.71241
  4  0  4   774.87510 93.5   788.72246    6  2  4   750.15236 91.0   788.72247
  4  0  4   774.87998 93.0   788.72734    5  2  4   759.18197  2.3   788.72759
                                          6  2  4   750.15816 66.7   788.72827
  4  0  4   774.89549 97.6   788.74285    5  2  4   759.19683 64.6   788.74245
  4  0  4   774.90377 68.9   788.75113    6  2  4   750.18088 74.3   788.75099
  4  0  4   774.92121 97.7   788.76857    6  2  4   750.19804 49.9   788.76815
  4  0  4   774.93072 73.2   788.77808    5  2  4   759.23156  1.3   788.77718
  4  0  4   774.93571 77.1   788.78307    5  2  4   759.23702 76.6   788.78264
                                          6  2  4   750.21261 19.7   788.78272
  4  0  4   774.94114 28.7   788.78850    6  2  4   750.21840 65.2   788.78851
  4  0  4   774.96067 89.0   788.80803    5  2  4   759.26199 64.4   788.80761
                                          6  2  4   750.23695  9.7   788.80706
  4  0  4   774.97950 80.5   788.82686    5  2  4   759.28079 70.1   788.82641
  4  0  4   774.99773 97.3   788.84509    5  2  4   759.29956 70.8   788.84518
                                          6  2  4   750.27497 80.5   788.84508
  5  2  4   758.33067 87.8   787.87629    6  2  4   749.30665 67.0   787.87676
  5  2  4   758.44219 82.0   787.98781    6  2  4   749.41866 77.5   787.98877
  5  2  4   758.48011 38.2   788.02573    6  2  4   749.45607 48.9   788.02618
  5  2  4   758.48577 83.7   788.03139    6  2  4   749.46209 88.0   788.03220
  5  2  4   758.54938 23.9   788.09500    6  2  4   749.52513  4.5   788.09524
  5  2  4   758.57202 77.7   788.11764    6  2  4   749.54751 85.2   788.11762
  5  2  4   758.57756 84.7   788.12318    6  2  4   749.55306  1.3   788.12317
  5  2  4   758.58382 80.9   788.12944    6  2  4   749.55943 84.9   788.12954
  5  2  4   758.60896 93.6   788.15458    6  2  4   749.58449 80.6   788.15460
  5  2  4   758.62324 59.4   788.16886    6  2  4   749.59972  0.0   788.16983
  5  2  4   758.63743  0.0   788.18305    6  2  4   749.61307 11.4   788.18318
  5  2  4   758.65528 84.0   788.20090    6  2  4   749.63087 82.0   788.20098
  5  2  4   758.66103 84.1   788.20665    6  2  4   749.63657  0.3   788.20668
  5  2  4   758.68930  3.5   788.23492    6  2  4   749.66495 89.5   788.23506
  5  2  4   758.79008 47.9   788.33570    6  2  4   749.76615  6.8   788.33626
  5  2  4   758.83052 51.2   788.37614    6  2  4   749.80630 48.4   788.37641
  5  2  4   758.83592 32.5   788.38154    6  2  4   749.81180 62.0   788.38191
  5  2  4   758.86065 88.0   788.40627    6  2  4   749.83616 78.3   788.40627
  5  2  4   758.86637  0.0   788.41199    6  2  4   749.84138 88.1   788.41149
  5  2  4   758.87521 94.9   788.42083    6  2  4   749.84977 79.9   788.41988
  5  2  4   758.88038 76.0   788.42600    6  2  4   749.85557 87.1   788.42568
  5  2  4   758.89090 90.7   788.43652    6  2  4   749.86606 52.0   788.43617
  5  2  4   758.89664 86.0   788.44226    6  2  4   749.87251 84.6   788.44262
  5  2  4   758.90216 18.2   788.44778    6  2  4   749.87748 45.3   788.44759
  5  2  4   758.91116 88.2   788.45678    6  2  4   749.88643  5.7   788.45654
  5  2  4   758.91646 91.0   788.46208    6  2  4   749.89269 91.0   788.46280
  5  2  4   758.92217 62.0   788.46779    6  2  4   749.89692 67.7   788.46703
  5  2  4   758.98082 71.5   788.52644    6  2  4   749.95557 85.7   788.52568
  5  2  4   758.99817 38.1   788.54379    6  2  4   749.97435 85.8   788.54446
  5  2  4   759.00382 95.1   788.54944    6  2  4   749.98010 68.9   788.55021
  5  2  4   759.02164 42.9   788.56726    6  2  4   749.99761 24.0   788.56772
  5  2  4   759.08313 82.6   788.62875    6  2  4   750.05955 71.0   788.62966
  5  2  4   759.08870 40.8   788.63432    6  2  4   750.06421 86.7   788.63432
  5  2  4   759.10744  1.7   788.65306    6  2  4   750.08287 78.9   788.65298
  5  2  4   759.13944 20.4   788.68506    6  2  4   750.11532 91.2   788.68543
  5  2  4   759.14940  0.0   788.69502    6  2  4   750.12581  6.5   788.69592
  5  2  4   759.15608 54.0   788.70170    6  2  4   750.13145 88.7   788.70156
  5  2  4   759.16171 74.9   788.70733    6  2  4   750.13741 62.2   788.70752
  5  2  4   759.18197  2.3   788.72759    6  2  4   750.15816 66.7   788.72827
  5  2  4   759.21290 95.7   788.75852    6  2  4   750.18908 95.2   788.75919
  5  2  4   759.23702 76.6   788.78264    6  2  4   750.21261 19.7   788.78272
  5  2  4   759.26199 64.4   788.80761    6  2  4   750.23695  9.7   788.80706
  5  2  4   759.29956 70.8   788.84518    6  2  4   750.27497 80.5   788.84508

 Searching   6  1  5 near    797.17282
 No   1:   5  0  5       20.65134  reg   776.021 -   777.021
 No   2:   6  2  5       37.89832  reg   758.774 -   759.774
 No   3:   7  2  5       48.77161  reg   747.901 -   748.901
  5  0  5   776.01912  0.0   796.67046    7  2  5   747.89924 91.5   796.67085
  5  0  5   776.02681 92.9   796.67815    7  2  5   747.90655 76.9   796.67816
  5  0  5   776.03853  0.0   796.68987    7  2  5   747.91835 52.0   796.68996
  5  0  5   776.07738 83.0   796.72872    6  2  5   758.83052 51.2   796.72884
                                          7  2  5   747.95767 88.1   796.72928
  5  0  5   776.08240 92.9   796.73374    6  2  5   758.83592 32.5   796.73424
  5  0  5   776.10906 85.9   796.76040    7  2  5   747.98962 81.8   796.76123
  5  0  5   776.11563 86.1   796.76697    7  2  5   747.99443 94.3   796.76604
  5  0  5   776.12129 89.2   796.77263    6  2  5   758.87521 94.9   796.77353
  5  0  5   776.12718 87.0   796.77852    6  2  5   758.88038 76.0   796.77870
                                          7  2  5   748.00608 79.3   796.77769
  5  0  5   776.14265 80.2   796.79399    6  2  5   758.89664 86.0   796.79496
  5  0  5   776.15089 85.3   796.80223    7  2  5   748.03069 79.5   796.80230
  5  0  5   776.15562 62.6   796.80696    7  2  5   748.03562 77.5   796.80723
  5  0  5   776.16188 69.9   796.81322    7  2  5   748.04088 90.6   796.81249
  5  0  5   776.17523 93.8   796.82657    6  2  5   758.92869 86.2   796.82701
  5  0  5   776.18423 91.8   796.83557    7  2  5   748.06405 82.2   796.83566
  5  0  5   776.19526 29.1   796.84660    7  2  5   748.07447 52.0   796.84608
  5  0  5   776.20398  0.0   796.85532    6  2  5   758.95600 48.7   796.85432
  5  0  5   776.21814 78.5   796.86948    6  2  5   758.97066 54.8   796.86898
                                          7  2  5   748.09836  0.0   796.86997
  5  0  5   776.22390  0.0   796.87524    6  2  5   758.97730 81.3   796.87562
  5  0  5   776.23390 82.5   796.88524    6  2  5   758.98691  3.0   796.88523
  5  0  5   776.26942 54.8   796.92076    6  2  5   759.02164 42.9   796.91996
  5  0  5   776.28315 93.4   796.93449    7  2  5   748.16384 72.9   796.93545
  5  0  5   776.28979 86.5   796.94113    6  2  5   759.04311 72.9   796.94143
                                          7  2  5   748.17026 32.9   796.94187
  5  0  5   776.31908 73.1   796.97042    7  2  5   748.19872 81.3   796.97033
  5  0  5   776.32869 27.8   796.98003    7  2  5   748.20903 33.0   796.98064
  5  0  5   776.35455 72.6   797.00589    6  2  5   759.10744  1.7   797.00576
  5  0  5   776.36326 57.7   797.01460    6  2  5   759.11672 92.0   797.01504
  5  0  5   776.36961 92.6   797.02095    6  2  5   759.12234 94.8   797.02066
  5  0  5   776.37503 88.8   797.02637    6  2  5   759.12789 92.5   797.02621
  5  0  5   776.38024 82.8   797.03158    6  2  5   759.13356 69.7   797.03188
                                          7  2  5   748.25913  0.0   797.03074
  5  0  5   776.38550 66.5   797.03684    6  2  5   759.13944 20.4   797.03776
  5  0  5   776.39981 65.8   797.05115    7  2  5   748.27889 64.8   797.05050
  5  0  5   776.42686 54.6   797.07820    7  2  5   748.30612  2.0   797.07773
  5  0  5   776.43721 89.9   797.08855    6  2  5   759.18959  3.7   797.08791
                                          7  2  5   748.31615  3.5   797.08776
  5  0  5   776.44241  2.4   797.09375    7  2  5   748.32256 85.2   797.09417
  5  0  5   776.46728  0.0   797.11862    6  2  5   759.21997 79.2   797.11829
                                          7  2  5   748.34794 72.8   797.11955
  5  0  5   776.50898 88.0   797.16032    6  2  5   759.26199 64.4   797.16031
  5  0  5   776.52135 40.0   797.17269    7  2  5   748.40076 64.7   797.17237
  5  0  5   776.52804 61.1   797.17938    6  2  5   759.28079 70.1   797.17911
                                          7  2  5   748.40695  0.0   797.17856
  5  0  5   776.57109 82.0   797.22243    7  2  5   748.45158  1.2   797.22319
  5  0  5   776.57965 94.2   797.23099    6  2  5   759.33276 73.5   797.23108
  5  0  5   776.62177 84.8   797.27311    7  2  5   748.50175 93.6   797.27336
  5  0  5   776.63507  0.8   797.28641    7  2  5   748.51408 10.7   797.28569
  5  0  5   776.64555 81.7   797.29689    6  2  5   759.39859 91.7   797.29691
  5  0  5   776.65076 92.6   797.30210    6  2  5   759.40375 80.5   797.30207
  5  0  5   776.65655 92.8   797.30789    6  2  5   759.40860 73.7   797.30692
                                          7  2  5   748.53710 91.1   797.30871
  5  0  5   776.66306  0.0   797.31440    6  2  5   759.41533 77.5   797.31365
  5  0  5   776.68291 94.0   797.33425    6  2  5   759.43557 80.0   797.33389
  5  0  5   776.68743 85.0   797.33877    6  2  5   759.44090 44.3   797.33922
  5  0  5   776.72137 67.6   797.37271    7  2  5   748.60016 91.7   797.37177
  5  0  5   776.72753 89.3   797.37887    7  2  5   748.60668 95.6   797.37829
  5  0  5   776.73724 90.7   797.38858    7  2  5   748.61598 78.5   797.38759
  5  0  5   776.76670  9.8   797.41804    6  2  5   759.51980 11.0   797.41812
  5  0  5   776.78860 44.2   797.43994    6  2  5   759.54142 59.5   797.43974
  5  0  5   776.79554 62.2   797.44688    7  2  5   748.67464 13.6   797.44625
  5  0  5   776.80873 79.7   797.46007    6  2  5   759.56189  0.0   797.46021
  5  0  5   776.82065  0.0   797.47199    7  2  5   748.70003  3.6   797.47164
  5  0  5   776.82308  0.0   797.47442    6  2  5   759.57582 35.3   797.47414
  5  0  5   776.83411 92.7   797.48545    6  2  5   759.58631 80.9   797.48463
  5  0  5   776.85058  6.4   797.50192    6  2  5   759.60387 89.3   797.50219
                                          7  2  5   748.72957 88.2   797.50118
  5  0  5   776.86115 53.9   797.51249    6  2  5   759.61429 92.2   797.51261
  5  0  5   776.87357 86.5   797.52491    6  2  5   759.62741  0.0   797.52573
                                          7  2  5   748.75278 81.3   797.52439
  5  0  5   776.87810 98.1   797.52944    7  2  5   748.75851 41.7   797.53012
  5  0  5   776.89283 70.3   797.54417    6  2  5   759.64660 89.6   797.54492
                                          7  2  5   748.77202 42.3   797.54363
  5  0  5   776.89800 92.1   797.54934    7  2  5   748.77737 77.1   797.54898
  5  0  5   776.90340 92.2   797.55474    6  2  5   759.65665 62.7   797.55497
  5  0  5   776.90794 97.1   797.55928    7  2  5   748.78736 86.2   797.55897
  5  0  5   776.92200 85.6   797.57334    6  2  5   759.67542 83.0   797.57374
                                          7  2  5   748.80234  8.4   797.57395
  5  0  5   776.97287 96.3   797.62421    6  2  5   759.72499 89.6   797.62331
  5  0  5   776.98131 90.4   797.63265    7  2  5   748.86184 91.3   797.63345
  5  0  5   776.98744 72.5   797.63878    7  2  5   748.86734 53.6   797.63895
  5  0  5   776.99163 79.3   797.64297    6  2  5   759.74489 86.1   797.64321
  5  0  5   776.99791 20.7   797.64925    6  2  5   759.75011 42.4   797.64843
  6  2  5   758.83052 51.2   796.72884    7  2  5   747.95767 88.1   796.72928
  6  2  5   758.88601 95.3   796.78433    7  2  5   748.01288 85.5   796.78449
  6  2  5   758.89090 90.7   796.78922    7  2  5   748.01780 89.0   796.78941
  6  2  5   758.95600 48.7   796.85432    7  2  5   748.08240 94.3   796.85401
  6  2  5   758.97066 54.8   796.86898    7  2  5   748.09836  0.0   796.86997
  6  2  5   758.99275 87.9   796.89107    7  2  5   748.11947 89.4   796.89108
  6  2  5   759.02656 89.2   796.92488    7  2  5   748.15416 81.7   796.92577
  6  2  5   759.04311 72.9   796.94143    7  2  5   748.17026 32.9   796.94187
  6  2  5   759.05465 80.6   796.95297    7  2  5   748.18079 40.9   796.95240
  6  2  5   759.05961 67.4   796.95793    7  2  5   748.18696 70.6   796.95857
  6  2  5   759.08313 82.6   796.98145    7  2  5   748.20903 33.0   796.98064
  6  2  5   759.08870 40.8   796.98702    7  2  5   748.21569 30.7   796.98730
  6  2  5   759.18959  3.7   797.08791    7  2  5   748.31615  3.5   797.08776
  6  2  5   759.19683 64.6   797.09515    7  2  5   748.32256 85.2   797.09417
  6  2  5   759.20292 83.5   797.10124    7  2  5   748.32875  9.5   797.10036
  6  2  5   759.20879 94.6   797.10711    7  2  5   748.33584 59.5   797.10745
  6  2  5   759.27328 10.8   797.17160    7  2  5   748.40076 64.7   797.17237
  6  2  5   759.28079 70.1   797.17911    7  2  5   748.40695  0.0   797.17856
  6  2  5   759.29956 70.8   797.19788    7  2  5   748.42569 90.0   797.19730
  6  2  5   759.34720 66.4   797.24552    7  2  5   748.47464 79.1   797.24625
  6  2  5   759.36245  0.3   797.26077    7  2  5   748.48977  0.0   797.26138
  6  2  5   759.41533 77.5   797.31365    7  2  5   748.54130 90.1   797.31291
  6  2  5   759.42305 12.1   797.32137    7  2  5   748.55055 27.8   797.32216
  6  2  5   759.43012 81.8   797.32844    7  2  5   748.55597 55.3   797.32758
  6  2  5   759.48406  4.3   797.38238    7  2  5   748.61132 92.5   797.38293
  6  2  5   759.50482 92.9   797.40314    7  2  5   748.63127 42.3   797.40288
  6  2  5   759.54729 81.2   797.44561    7  2  5   748.67464 13.6   797.44625
  6  2  5   759.55228 36.2   797.45060    7  2  5   748.67990 45.7   797.45151
  6  2  5   759.62086 75.1   797.51918    7  2  5   748.74798 90.5   797.51959
  6  2  5   759.66993 31.2   797.56825    7  2  5   748.79661 88.1   797.56822
  6  2  5   759.67542 83.0   797.57374    7  2  5   748.80234  8.4   797.57395
  6  2  5   759.68147  0.0   797.57979    7  2  5   748.80820 11.5   797.57981
  6  2  5   759.69945 53.0   797.59777    7  2  5   748.82572 77.1   797.59733
  6  2  5   759.71977 90.7   797.61809    7  2  5   748.84562 43.1   797.61723
  6  2  5   759.75676 93.2   797.65508    7  2  5   748.88358  5.7   797.65519
  6  2  5   759.77727 78.8   797.67559    7  2  5   748.90431 42.3   797.67592
