Range    : 0.500
Accuracy : 0.001
Control file  : C2HD3gr   
Spectrum file : expfile_st

 Searching   1  1  0 near    764.13042
 No   1:   0  0  0        0.00000  reg   763.630 -   764.630
 No   2:   2  2  0       12.78833  reg   750.842 -   751.842
  0  0  0   763.63535 94.9   763.63535    2  2  0   750.84797  0.0   763.63630
  0  0  0   763.64607 72.3   763.64607    2  2  0   750.85844 52.5   763.64677
  0  0  0   763.67323 56.2   763.67323    2  2  0   750.88577 91.8   763.67410
  0  0  0   763.67962 11.5   763.67962    2  2  0   750.89037 83.8   763.67870
  0  0  0   763.68820 89.0   763.68820    2  2  0   750.89995 38.0   763.68828
  0  0  0   763.69436 85.1   763.69436    2  2  0   750.90542 74.0   763.69375
  0  0  0   763.71168  0.0   763.71168    2  2  0   750.92401  0.5   763.71234
  0  0  0   763.72592 39.0   763.72592    2  2  0   750.93813  0.0   763.72646
  0  0  0   763.76998 85.9   763.76998    2  2  0   750.98121 32.3   763.76954
  0  0  0   763.83609 43.5   763.83609    2  2  0   751.04693 88.3   763.83526
  0  0  0   763.84757  2.6   763.84757    2  2  0   751.05838 36.9   763.84671
  0  0  0   763.88139 72.4   763.88139    2  2  0   751.09288 92.0   763.88121
  0  0  0   763.89383 30.8   763.89383    2  2  0   751.10466 22.9   763.89299
  0  0  0   763.94154  0.0   763.94154    2  2  0   751.15229  4.7   763.94062
  0  0  0   763.95151 34.9   763.95151    2  2  0   751.16301 86.5   763.95134
  0  0  0   763.96612  0.0   763.96612    2  2  0   751.17753 21.4   763.96586
  0  0  0   764.02202  0.0   764.02202    2  2  0   751.23352 36.2   764.02185
  0  0  0   764.02639  0.0   764.02639    2  2  0   751.23873 92.1   764.02706
  0  0  0   764.04903  6.6   764.04903    2  2  0   751.26154 27.7   764.04987
  0  0  0   764.05437 20.8   764.05437    2  2  0   751.26674 58.8   764.05507
  0  0  0   764.06042 36.1   764.06042    2  2  0   751.27256  0.0   764.06089
  0  0  0   764.07902 39.6   764.07902    2  2  0   751.29154 33.1   764.07987
  0  0  0   764.08986  0.5   764.08986    2  2  0   751.30202 84.0   764.09035
  0  0  0   764.10125 58.6   764.10125    2  2  0   751.31256 71.6   764.10089
  0  0  0   764.11521  0.0   764.11521    2  2  0   751.32623 22.4   764.11456
  0  0  0   764.12424 44.5   764.12424    2  2  0   751.33649  0.0   764.12482
  0  0  0   764.13035  2.6   764.13035    2  2  0   751.34217  4.1   764.13050
  0  0  0   764.13473  8.2   764.13473    2  2  0   751.34714 54.0   764.13547
  0  0  0   764.20711  0.0   764.20711    2  2  0   751.41943 75.7   764.20776
  0  0  0   764.21774  0.0   764.21774    2  2  0   751.43009 73.6   764.21842
  0  0  0   764.24340 73.9   764.24340    2  2  0   751.45572 40.6   764.24405
  0  0  0   764.26335  0.0   764.26335    2  2  0   751.47474 72.6   764.26307
  0  0  0   764.26900  0.0   764.26900    2  2  0   751.48001 79.9   764.26834
  0  0  0   764.37018 83.6   764.37018    2  2  0   751.58237 73.4   764.37070
  0  0  0   764.41293 44.9   764.41293    2  2  0   751.62461 70.3   764.41294
  0  0  0   764.44614 78.7   764.44614    2  2  0   751.65839  0.0   764.44672
  0  0  0   764.49670 87.7   764.49670    2  2  0   751.70804 46.2   764.49637
  0  0  0   764.50687 77.0   764.50687    2  2  0   751.71836 45.0   764.50669
  0  0  0   764.55992 72.7   764.55992    2  2  0   751.77111 34.4   764.55944
  0  0  0   764.56373 73.9   764.56373    2  2  0   751.77615 71.2   764.56448

 Searching   2  1  1 near    767.10191
 No   1:   1  0  1        1.39995  reg   765.202 -   766.202
 No   2:   2  2  1       12.77805  reg   753.824 -   754.824
 No   3:   3  2  1       17.02892  reg   749.573 -   750.573
  1  0  1   765.21471 73.1   766.61466    2  2  1   753.83626 27.5   766.61431
  1  0  1   765.22673 94.5   766.62668    2  2  1   753.84787 69.9   766.62592
  1  0  1   765.23165 88.7   766.63160    2  2  1   753.85389 92.1   766.63194
  1  0  1   765.23663 81.2   766.63658    2  2  1   753.85880 83.6   766.63685
                                          3  2  1   749.60782 53.3   766.63674
  1  0  1   765.24228 76.4   766.64223    3  2  1   749.61307 11.4   766.64199
  1  0  1   765.24682 93.6   766.64677    2  2  1   753.86841 68.0   766.64646
  1  0  1   765.25302 28.7   766.65297    2  2  1   753.87411  0.0   766.65216
  1  0  1   765.25836 83.6   766.65831    2  2  1   753.87942 91.0   766.65747
  1  0  1   765.26476 75.0   766.66471    3  2  1   749.63657  0.3   766.66549
  1  0  1   765.27115 71.0   766.67110    2  2  1   753.89396 32.0   766.67201
  1  0  1   765.27766 13.6   766.67761    2  2  1   753.89894 79.2   766.67699
  1  0  1   765.29765 83.7   766.69760    3  2  1   749.66841 94.4   766.69733
  1  0  1   765.30257 67.2   766.70252    3  2  1   749.67397 23.1   766.70289
  1  0  1   765.34223 76.8   766.74218    2  2  1   753.96477 60.3   766.74282
  1  0  1   765.34640 83.5   766.74635    3  2  1   749.71723 91.9   766.74615
  1  0  1   765.35068 95.4   766.75063    3  2  1   749.72224 74.6   766.75116
  1  0  1   765.39367 81.0   766.79362    2  2  1   754.01657 95.3   766.79462
  1  0  1   765.40383 46.7   766.80378    3  2  1   749.77420  3.9   766.80312
  1  0  1   765.43438 75.6   766.83433    3  2  1   749.80630 48.4   766.83522
  1  0  1   765.44253 66.6   766.84248    2  2  1   754.06411 65.3   766.84216
  1  0  1   765.46523 84.9   766.86518    3  2  1   749.83616 78.3   766.86508
  1  0  1   765.46973 90.1   766.86968    2  2  1   754.09093 83.1   766.86898
                                          3  2  1   749.84138 88.1   766.87030
  1  0  1   765.50137 94.2   766.90132    3  2  1   749.87251 84.6   766.90143
  1  0  1   765.52733 68.8   766.92728    2  2  1   754.15010 13.2   766.92815
  1  0  1   765.54248 59.4   766.94243    2  2  1   754.16469 89.7   766.94274
                                          3  2  1   749.91297 88.1   766.94189
  1  0  1   765.55380 84.4   766.95375    2  2  1   754.17486  0.0   766.95291
  1  0  1   765.56102 87.0   766.96097    2  2  1   754.18305 80.0   766.96110
  1  0  1   765.61231 48.5   767.01226    2  2  1   754.23459 69.2   767.01264
  1  0  1   765.62659 94.7   767.02654    3  2  1   749.99761 24.0   767.02653
  1  0  1   765.64038 90.2   767.04033    3  2  1   750.01225 41.3   767.04117
  1  0  1   765.64711 72.0   767.04706    2  2  1   754.26891 90.4   767.04696
  1  0  1   765.66989 38.1   767.06984    3  2  1   750.04058  0.0   767.06950
  1  0  1   765.68072 17.2   767.08067    2  2  1   754.30230 63.5   767.08035
  1  0  1   765.69871 33.3   767.09866    2  2  1   754.32008 94.1   767.09813
  1  0  1   765.71601  0.4   767.11596    2  2  1   754.33761  0.0   767.11566
  1  0  1   765.72274 57.4   767.12269    3  2  1   750.09394 65.1   767.12286
  1  0  1   765.73919 63.9   767.13914    3  2  1   750.11078 92.7   767.13970
  1  0  1   765.74561 71.9   767.14556    2  2  1   754.36692 35.8   767.14497
  1  0  1   765.75010 79.8   767.15005    3  2  1   750.12015 87.0   767.14907
  1  0  1   765.75516 63.1   767.15511    3  2  1   750.12581  6.5   767.15473
  1  0  1   765.76009 11.9   767.16004    3  2  1   750.13145 88.7   767.16037
  1  0  1   765.76531 69.6   767.16526    2  2  1   754.38749  0.0   767.16554
  1  0  1   765.77978  0.0   767.17973    2  2  1   754.40240 86.2   767.18045
  1  0  1   765.79337 81.7   767.19332    2  2  1   754.41463  0.0   767.19268
                                          3  2  1   750.16399 95.7   767.19291
  1  0  1   765.79880 62.0   767.19875    3  2  1   750.17000 68.0   767.19892
  1  0  1   765.80372 65.8   767.20367    3  2  1   750.17540 83.7   767.20432
  1  0  1   765.80961 89.0   767.20956    3  2  1   750.18088 74.3   767.20980
  1  0  1   765.81751 88.6   767.21746    3  2  1   750.18908 95.2   767.21800
  1  0  1   765.82263 75.9   767.22258    2  2  1   754.44518  0.0   767.22323
  1  0  1   765.82948 59.1   767.22943    2  2  1   754.45070 44.2   767.22875
  1  0  1   765.85958 77.4   767.25953    2  2  1   754.48248  7.7   767.26053
                                          3  2  1   750.22998 70.1   767.25890
  1  0  1   765.86461 27.5   767.26456    2  2  1   754.48657 12.2   767.26462
  1  0  1   765.87027 80.8   767.27022    2  2  1   754.49297 24.7   767.27102
  1  0  1   765.87533 84.9   767.27528    2  2  1   754.49816 85.9   767.27621
  1  0  1   765.89996 85.2   767.29991    3  2  1   750.27021 86.0   767.29913
  1  0  1   765.95588 93.4   767.35583    3  2  1   750.32763 68.4   767.35655
  1  0  1   765.96978 93.4   767.36973    2  2  1   754.59131 18.0   767.36936
  1  0  1   765.98965 85.1   767.38960    3  2  1   750.36085 95.1   767.38977
  1  0  1   765.99897 77.4   767.39892    3  2  1   750.37092 91.1   767.39984
  1  0  1   766.00849 88.0   767.40844    3  2  1   750.37863 51.5   767.40755
  1  0  1   766.01436 93.0   767.41431    3  2  1   750.38451 54.9   767.41343
  1  0  1   766.02040 82.0   767.42035    2  2  1   754.64269 18.2   767.42074
  1  0  1   766.08551 79.0   767.48546    3  2  1   750.45725  5.4   767.48617
  1  0  1   766.10000 87.8   767.49995    3  2  1   750.47100 67.5   767.49992
  1  0  1   766.12480 83.6   767.52475    3  2  1   750.49529 13.4   767.52421
  1  0  1   766.15342  0.0   767.55337    2  2  1   754.77570 47.5   767.55375
                                          3  2  1   750.52356 83.7   767.55248
  1  0  1   766.17745 82.1   767.57740    2  2  1   754.80009 52.7   767.57814
  1  0  1   766.19441 87.4   767.59436    3  2  1   750.56598 84.4   767.59490
  1  0  1   766.20448 30.6   767.60443    3  2  1   750.57487 98.4   767.60379
  2  2  1   753.82097 84.6   766.59902    3  2  1   749.56935 11.3   766.59827
  2  2  1   753.83009  8.5   766.60814    3  2  1   749.57958  0.0   766.60850
  2  2  1   753.83626 27.5   766.61431    3  2  1   749.58449 80.6   766.61341
  2  2  1   753.85880 83.6   766.63685    3  2  1   749.60782 53.3   766.63674
  2  2  1   753.86311 88.2   766.64116    3  2  1   749.61307 11.4   766.64199
  2  2  1   753.88789 77.5   766.66594    3  2  1   749.63657  0.3   766.66549
  2  2  1   753.93639 50.6   766.71444    3  2  1   749.68492 77.9   766.71384
  2  2  1   753.95667 80.1   766.73472    3  2  1   749.70524 87.7   766.73416
  2  2  1   753.98627 76.9   766.76432    3  2  1   749.73607  5.4   766.76499
  2  2  1   753.99777 88.2   766.77582    3  2  1   749.74673  0.0   766.77565
  2  2  1   754.01657 95.3   766.79462    3  2  1   749.76615  6.8   766.79507
  2  2  1   754.11082 22.6   766.88887    3  2  1   749.86016 88.8   766.88908
  2  2  1   754.14383 82.7   766.92188    3  2  1   749.89269 91.0   766.92161
  2  2  1   754.16469 89.7   766.94274    3  2  1   749.91297 88.1   766.94189
  2  2  1   754.19269  0.0   766.97074    3  2  1   749.94191  0.0   766.97083
  2  2  1   754.20549 58.5   766.98354    3  2  1   749.95557 85.7   766.98449
  2  2  1   754.23979  0.4   767.01784    3  2  1   749.98862 15.7   767.01754
  2  2  1   754.25432 18.4   767.03237    3  2  1   750.00411  0.0   767.03303
  2  2  1   754.26357 64.2   767.04162    3  2  1   750.01225 41.3   767.04117
  2  2  1   754.27840 90.0   767.05645    3  2  1   750.02713 82.2   767.05605
  2  2  1   754.28294 86.4   767.06099    3  2  1   750.03127 43.8   767.06019
  2  2  1   754.30965 86.4   767.08770    3  2  1   750.05955 71.0   767.08847
  2  2  1   754.31521 96.4   767.09326    3  2  1   750.06421 86.7   767.09313
  2  2  1   754.32532 51.4   767.10337    3  2  1   750.07384  0.0   767.10276
  2  2  1   754.35262 90.0   767.13067    3  2  1   750.10129 91.4   767.13021
  2  2  1   754.36692 35.8   767.14497    3  2  1   750.11532 91.2   767.14424
  2  2  1   754.38749  0.0   767.16554    3  2  1   750.13741 62.2   767.16633
  2  2  1   754.39432 72.2   767.17237    3  2  1   750.14374 62.1   767.17266
  2  2  1   754.40240 86.2   767.18045    3  2  1   750.15236 91.0   767.18128
  2  2  1   754.41463  0.0   767.19268    3  2  1   750.16399 95.7   767.19291
  2  2  1   754.51555 54.6   767.29360    3  2  1   750.26489 64.1   767.29381
  2  2  1   754.54303 86.0   767.32108    3  2  1   750.29257 88.5   767.32149
  2  2  1   754.54753 89.2   767.32558    3  2  1   750.29693 84.0   767.32585
  2  2  1   754.58547 13.6   767.36352    3  2  1   750.33363 73.5   767.36255
  2  2  1   754.62883 82.3   767.40688    3  2  1   750.37863 51.5   767.40755
  2  2  1   754.65411 93.6   767.43216    3  2  1   750.40381 93.4   767.43273
  2  2  1   754.70146 34.1   767.47951    3  2  1   750.45114 15.8   767.48006
  2  2  1   754.78100 63.9   767.55905    3  2  1   750.52920 40.7   767.55812
  2  2  1   754.81347 97.2   767.59152    3  2  1   750.56227 87.0   767.59119
  2  2  1   754.81772 96.4   767.59577    3  2  1   750.56598 84.4   767.59490
  2  2  1   754.82530 68.3   767.60335    3  2  1   750.57487 98.4   767.60379

 Searching   3  1  2 near    771.55245
 No   1:   2  0  2        4.18956  reg   766.863 -   767.863
 No   2:   3  2  2       16.97774  reg   754.075 -   755.075
 No   3:   4  2  2       22.72108  reg   748.331 -   749.331
  2  0  2   766.87371 95.0   771.06327    3  2  2   754.08469 48.6   771.06243
                                          4  2  2   748.34185 65.1   771.06293
  2  0  2   766.87815 81.7   771.06771    3  2  2   754.09093 83.1   771.06867
  2  0  2   766.89220 83.5   771.08176    4  2  2   748.36067  0.0   771.08175
  2  0  2   766.90707 77.6   771.09663    4  2  2   748.37579 33.2   771.09687
  2  0  2   766.91365 50.5   771.10321    3  2  2   754.12488 93.9   771.10262
                                          4  2  2   748.38146 87.2   771.10254
  2  0  2   766.93941 46.2   771.12897    4  2  2   748.40695  0.0   771.12803
  2  0  2   766.94947 60.3   771.13903    3  2  2   754.16086 90.8   771.13860
  2  0  2   766.99845  0.0   771.18801    3  2  2   754.21090 88.7   771.18864
  2  0  2   767.00483 95.0   771.19439    3  2  2   754.21623 68.1   771.19397
  2  0  2   767.00920 92.6   771.19876    3  2  2   754.22070 84.3   771.19844
                                          4  2  2   748.47860 80.5   771.19968
  2  0  2   767.01483 75.2   771.20439    3  2  2   754.22741 27.7   771.20515
  2  0  2   767.02323  0.4   771.21279    3  2  2   754.23459 69.2   771.21233
  2  0  2   767.04607 91.3   771.23563    4  2  2   748.51408 10.7   771.23516
  2  0  2   767.05780  2.4   771.24736    3  2  2   754.26891 90.4   771.24665
                                          4  2  2   748.52632 54.9   771.24740
  2  0  2   767.06745 53.1   771.25701    3  2  2   754.27840 90.0   771.25614
  2  0  2   767.07633 12.2   771.26589    3  2  2   754.28823  0.0   771.26597
  2  0  2   767.08200 86.4   771.27156    3  2  2   754.29341 78.3   771.27115
                                          4  2  2   748.55055 27.8   771.27163
  2  0  2   767.08726 58.6   771.27682    4  2  2   748.55597 55.3   771.27705
  2  0  2   767.09233 91.0   771.28189    4  2  2   748.56071 28.7   771.28179
  2  0  2   767.12573 82.3   771.31529    3  2  2   754.33761  0.0   771.31535
                                          4  2  2   748.59401 36.7   771.31509
  2  0  2   767.13128 70.5   771.32084    3  2  2   754.34290 82.3   771.32064
                                          4  2  2   748.60016 91.7   771.32124
  2  0  2   767.14050 95.5   771.33006    3  2  2   754.35262 90.0   771.33036
  2  0  2   767.14629 69.3   771.33585    3  2  2   754.35793  0.0   771.33567
  2  0  2   767.15793 86.4   771.34749    4  2  2   748.62600 37.6   771.34708
  2  0  2   767.16720 78.4   771.35676    3  2  2   754.37984 91.4   771.35758
  2  0  2   767.17316 80.6   771.36272    4  2  2   748.64117 22.6   771.36225
  2  0  2   767.18173 96.5   771.37129    3  2  2   754.39432 72.2   771.37206
  2  0  2   767.19160 93.1   771.38116    4  2  2   748.65976 75.6   771.38084
  2  0  2   767.19668 21.2   771.38624    4  2  2   748.66448 79.9   771.38556
  2  0  2   767.20607 70.3   771.39563    4  2  2   748.67464 13.6   771.39572
  2  0  2   767.21137 75.8   771.40093    3  2  2   754.42263 68.0   771.40037
                                          4  2  2   748.67990 45.7   771.40098
  2  0  2   767.21673 60.1   771.40629    4  2  2   748.68535 79.6   771.40643
  2  0  2   767.22113 86.4   771.41069    4  2  2   748.68988 86.0   771.41096
  2  0  2   767.22601 93.4   771.41557    4  2  2   748.69521 58.1   771.41629
  2  0  2   767.23101 88.5   771.42057    4  2  2   748.70003  3.6   771.42111
  2  0  2   767.24420 92.7   771.43376    3  2  2   754.45679 90.1   771.43453
  2  0  2   767.24941 87.0   771.43897    3  2  2   754.46195 83.8   771.43969
                                          4  2  2   748.71798 70.4   771.43906
  2  0  2   767.25436 89.7   771.44392    4  2  2   748.72376 71.7   771.44484
  2  0  2   767.29766 69.8   771.48722    3  2  2   754.50871 21.6   771.48645
                                          4  2  2   748.76520 61.5   771.48628
  2  0  2   767.30346 30.3   771.49302    3  2  2   754.51555 54.6   771.49329
                                          4  2  2   748.77202 42.3   771.49310
  2  0  2   767.30902 71.6   771.49858    4  2  2   748.77737 77.1   771.49845
  2  0  2   767.33021  0.0   771.51977    3  2  2   754.54303 86.0   771.52077
  2  0  2   767.36139 56.0   771.55095    4  2  2   748.82971 75.2   771.55079
  2  0  2   767.36707 87.8   771.55663    3  2  2   754.57959 89.8   771.55733
  2  0  2   767.37645 91.9   771.56601    4  2  2   748.84562 43.1   771.56670
  2  0  2   767.38593 86.9   771.57549    3  2  2   754.59778 28.5   771.57552
  2  0  2   767.39671 60.7   771.58627    3  2  2   754.60891 15.1   771.58665
  2  0  2   767.40561 92.5   771.59517    3  2  2   754.61808 36.5   771.59582
  2  0  2   767.41501 77.7   771.60457    4  2  2   748.88358  5.7   771.60466
  2  0  2   767.43638  0.0   771.62594    3  2  2   754.64863 85.4   771.62637
                                          4  2  2   748.90431 42.3   771.62539
  2  0  2   767.47285 84.7   771.66241    4  2  2   748.94059 66.1   771.66167
  2  0  2   767.48258 86.9   771.67214    3  2  2   754.69496  0.0   771.67270
  2  0  2   767.49818 23.6   771.68774    4  2  2   748.96765 97.3   771.68873
  2  0  2   767.50444 79.0   771.69400    4  2  2   748.97330 92.2   771.69438
  2  0  2   767.51305 63.9   771.70261    3  2  2   754.72530  0.0   771.70304
  2  0  2   767.52356 87.7   771.71312    4  2  2   748.99206 90.2   771.71314
  2  0  2   767.52911 82.1   771.71867    4  2  2   748.99750 98.1   771.71858
  2  0  2   767.54305 85.9   771.73261    3  2  2   754.75440 56.6   771.73214
  2  0  2   767.56418  4.7   771.75374    3  2  2   754.77570 47.5   771.75344
                                          4  2  2   749.03313 92.8   771.75421
  2  0  2   767.57442 55.8   771.76398    3  2  2   754.78599 57.6   771.76373
  2  0  2   767.58808 90.8   771.77764    3  2  2   754.80009 52.7   771.77783
  2  0  2   767.60927 63.2   771.79883    4  2  2   749.07719 74.7   771.79827
  2  0  2   767.61913 98.6   771.80869    3  2  2   754.83095 46.4   771.80869
                                          4  2  2   749.08715 45.0   771.80823
  2  0  2   767.62846 33.7   771.81802    3  2  2   754.84080 93.8   771.81854
                                          4  2  2   749.09765  0.0   771.81873
  2  0  2   767.65168  0.0   771.84124    3  2  2   754.86450 90.6   771.84224
  2  0  2   767.67624 80.4   771.86580    3  2  2   754.88867 53.8   771.86641
                                          4  2  2   749.14423 89.8   771.86531
  2  0  2   767.70448 54.2   771.89404    3  2  2   754.91660 51.0   771.89434
  2  0  2   767.71020 90.4   771.89976    4  2  2   749.17965 59.5   771.90073
  2  0  2   767.72045 70.0   771.91001    3  2  2   754.93284 45.8   771.91058
  2  0  2   767.72906 66.8   771.91862    4  2  2   749.19685 59.8   771.91793
  2  0  2   767.74482 93.1   771.93438    4  2  2   749.21254 91.7   771.93362
  2  0  2   767.76109 78.8   771.95065    3  2  2   754.97259 65.9   771.95033
                                          4  2  2   749.22909 79.1   771.95017
  2  0  2   767.76685 16.2   771.95641    3  2  2   754.97810 93.1   771.95584
  2  0  2   767.79497 85.9   771.98453    4  2  2   749.26425 82.3   771.98533
  2  0  2   767.80045 88.9   771.99001    4  2  2   749.26949 23.1   771.99057
  2  0  2   767.83156 19.0   772.02112    3  2  2   755.04306 95.8   772.02080
  2  0  2   767.83874 33.2   772.02830    4  2  2   749.30665 67.0   772.02773
  2  0  2   767.84674 27.1   772.03630    3  2  2   755.05767 57.6   772.03541
  2  0  2   767.86409 42.9   772.05365    4  2  2   749.33213 76.8   772.05321
  3  2  2   754.07834 72.6   771.05608    4  2  2   748.33584 59.5   771.05692
  3  2  2   754.08469 48.6   771.06243    4  2  2   748.34185 65.1   771.06293
  3  2  2   754.09093 83.1   771.06867    4  2  2   748.34794 72.8   771.06902
  3  2  2   754.12488 93.9   771.10262    4  2  2   748.38146 87.2   771.10254
  3  2  2   754.13010 85.4   771.10784    4  2  2   748.38716 73.7   771.10824
  3  2  2   754.14383 82.7   771.12157    4  2  2   748.40076 64.7   771.12184
  3  2  2   754.15010 13.2   771.12784    4  2  2   748.40695  0.0   771.12803
  3  2  2   754.17486  0.0   771.15260    4  2  2   748.43144 92.3   771.15252
  3  2  2   754.18305 80.0   771.16079    4  2  2   748.43900 69.7   771.16008
  3  2  2   754.22741 27.7   771.20515    4  2  2   748.48501 40.6   771.20609
  3  2  2   754.23979  0.4   771.21753    4  2  2   748.49612 59.3   771.21720
  3  2  2   754.24486 47.3   771.22260    4  2  2   748.50175 93.6   771.22283
  3  2  2   754.26891 90.4   771.24665    4  2  2   748.52632 54.9   771.24740
  3  2  2   754.29341 78.3   771.27115    4  2  2   748.55055 27.8   771.27163
  3  2  2   754.30965 86.4   771.28739    4  2  2   748.56560 16.0   771.28668
  3  2  2   754.33112 52.2   771.30886    4  2  2   748.58750 62.6   771.30858
  3  2  2   754.33761  0.0   771.31535    4  2  2   748.59401 36.7   771.31509
  3  2  2   754.34290 82.3   771.32064    4  2  2   748.60016 91.7   771.32124
  3  2  2   754.37417 44.0   771.35191    4  2  2   748.63127 42.3   771.35235
  3  2  2   754.40240 86.2   771.38014    4  2  2   748.65976 75.6   771.38084
  3  2  2   754.40732 51.6   771.38506    4  2  2   748.66448 79.9   771.38556
  3  2  2   754.42263 68.0   771.40037    4  2  2   748.67990 45.7   771.40098
  3  2  2   754.46195 83.8   771.43969    4  2  2   748.71798 70.4   771.43906
  3  2  2   754.47317  0.0   771.45091    4  2  2   748.72957 88.2   771.45065
  3  2  2   754.48248  7.7   771.46022    4  2  2   748.73821 69.5   771.45929
  3  2  2   754.48657 12.2   771.46431    4  2  2   748.74336 92.6   771.46444
  3  2  2   754.50871 21.6   771.48645    4  2  2   748.76520 61.5   771.48628
  3  2  2   754.51555 54.6   771.49329    4  2  2   748.77202 42.3   771.49310
  3  2  2   754.53028  3.1   771.50802    4  2  2   748.78736 86.2   771.50844
  3  2  2   754.64269 18.2   771.62043    4  2  2   748.89855 90.2   771.61963
  3  2  2   754.64863 85.4   771.62637    4  2  2   748.90431 42.3   771.62539
  3  2  2   754.65411 93.6   771.63185    4  2  2   748.91084 82.5   771.63192
  3  2  2   754.67846 93.5   771.65620    4  2  2   748.93547 90.0   771.65655
  3  2  2   754.69496  0.0   771.67270    4  2  2   748.95211 83.5   771.67319
  3  2  2   754.70146 34.1   771.67920    4  2  2   748.95760 73.9   771.67868
  3  2  2   754.71906  5.0   771.69680    4  2  2   748.97664 91.4   771.69772
  3  2  2   754.77094 32.0   771.74868    4  2  2   749.02842 94.5   771.74950
  3  2  2   754.77570 47.5   771.75344    4  2  2   749.03313 92.8   771.75421
  3  2  2   754.78100 63.9   771.75874    4  2  2   749.03865 12.4   771.75973
  3  2  2   754.79213  0.5   771.76987    4  2  2   749.04838 77.3   771.76946
  3  2  2   754.80663 91.1   771.78437    4  2  2   749.06417 83.1   771.78525
  3  2  2   754.82530 68.3   771.80304    4  2  2   749.08221 86.1   771.80329
  3  2  2   754.83095 46.4   771.80869    4  2  2   749.08715 45.0   771.80823
  3  2  2   754.84080 93.8   771.81854    4  2  2   749.09765  0.0   771.81873
  3  2  2   754.85059 75.3   771.82833    4  2  2   749.10694 87.6   771.82802
  3  2  2   754.85532 88.6   771.83306    4  2  2   749.11243 73.6   771.83351
  3  2  2   754.86018 88.7   771.83792    4  2  2   749.11748 85.6   771.83856
  3  2  2   754.87824 51.7   771.85598    4  2  2   749.13566 91.7   771.85674
  3  2  2   754.88338 84.1   771.86112    4  2  2   749.13930 91.4   771.86038
  3  2  2   754.89325  7.6   771.87099    4  2  2   749.14946 32.8   771.87054
  3  2  2   754.97259 65.9   771.95033    4  2  2   749.22909 79.1   771.95017
  3  2  2   754.97810 93.1   771.95584    4  2  2   749.23420 89.2   771.95528
  3  2  2   754.98314 94.3   771.96088    4  2  2   749.23910 82.3   771.96018
  3  2  2   755.03006 77.5   772.00780    4  2  2   749.28662  7.8   772.00770
  3  2  2   755.04899 47.5   772.02673    4  2  2   749.30665 67.0   772.02773

 Searching   4  1  3 near    777.47345
 No   1:   3  0  3        8.34844  reg   768.625 -   769.625
 No   2:   4  2  3       22.56924  reg   754.404 -   755.404
 No   3:   5  2  3       29.89272  reg   747.081 -   748.081
  3  0  3   768.62753 91.8   776.97597    4  2  3   754.40732 51.6   776.97656
  3  0  3   768.64331 53.0   776.99175    4  2  3   754.42263 68.0   776.99187
  3  0  3   768.66925 62.1   777.01769    5  2  3   747.12435 81.4   777.01707
  3  0  3   768.67899 80.3   777.02743    5  2  3   747.13481 61.3   777.02753
  3  0  3   768.69331 83.1   777.04175    4  2  3   754.47317  0.0   777.04241
  3  0  3   768.70491  0.0   777.05335    5  2  3   747.16043 62.9   777.05315
  3  0  3   768.71573 93.8   777.06417    5  2  3   747.17125 62.6   777.06397
  3  0  3   768.72926 76.5   777.07770    4  2  3   754.50871 21.6   777.07795
  3  0  3   768.74863 86.4   777.09707    5  2  3   747.20373  0.5   777.09645
  3  0  3   768.76293 67.5   777.11137    4  2  3   754.54303 86.0   777.11227
  3  0  3   768.79109 79.9   777.13953    4  2  3   754.57031  0.0   777.13955
  3  0  3   768.85928 90.4   777.20772    5  2  3   747.31559 83.8   777.20831
  3  0  3   768.86525 90.3   777.21369    5  2  3   747.31999 91.9   777.21271
  3  0  3   768.86984 89.0   777.21828    4  2  3   754.64863 85.4   777.21787
  3  0  3   768.87879 89.3   777.22723    4  2  3   754.65718 95.0   777.22642
  3  0  3   768.88296 93.5   777.23140    4  2  3   754.66148 97.1   777.23072
  3  0  3   768.88850 77.7   777.23694    4  2  3   754.66689 40.2   777.23613
                                          5  2  3   747.34382 70.6   777.23654
  3  0  3   768.89348  3.0   777.24192    4  2  3   754.67303 18.1   777.24227
  3  0  3   768.90001 44.0   777.24845    4  2  3   754.67846 93.5   777.24770
                                          5  2  3   747.35599  2.0   777.24871
  3  0  3   768.90726 57.0   777.25570    4  2  3   754.68701 74.5   777.25625
                                          5  2  3   747.36370  0.0   777.25642
  3  0  3   768.93437 82.5   777.28281    4  2  3   754.71326 38.3   777.28250
                                          5  2  3   747.39063 20.9   777.28335
  3  0  3   768.95466 90.3   777.30310    4  2  3   754.73409  6.3   777.30333
  3  0  3   768.97570  4.2   777.32414    4  2  3   754.75440 56.6   777.32364
                                          5  2  3   747.43190 88.2   777.32462
  3  0  3   768.98569 87.9   777.33413    4  2  3   754.76560 85.7   777.33484
                                          5  2  3   747.44159 73.7   777.33431
  3  0  3   768.99140 80.1   777.33984    4  2  3   754.77094 32.0   777.34018
                                          5  2  3   747.44672 78.6   777.33944
  3  0  3   769.00203 10.0   777.35047    4  2  3   754.78100 63.9   777.35024
  3  0  3   769.01358 78.0   777.36202    4  2  3   754.79213  0.5   777.36137
  3  0  3   769.03134 85.3   777.37978    5  2  3   747.48714 88.1   777.37986
  3  0  3   769.05219 11.8   777.40063    4  2  3   754.83095 46.4   777.40019
                                          5  2  3   747.50713 41.1   777.39985
  3  0  3   769.06150 89.8   777.40994    4  2  3   754.84080 93.8   777.41004
  3  0  3   769.06582 83.2   777.41426    4  2  3   754.84537 46.2   777.41461
  3  0  3   769.07100 75.7   777.41944    4  2  3   754.85059 75.3   777.41983
                                          5  2  3   747.52690 65.2   777.41962
  3  0  3   769.07702  8.7   777.42546    4  2  3   754.85532 88.6   777.42456
  3  0  3   769.09841 79.1   777.44685    4  2  3   754.87824 51.7   777.44748
                                          5  2  3   747.55381 86.6   777.44653
  3  0  3   769.10332 88.4   777.45176    4  2  3   754.88338 84.1   777.45262
                                          5  2  3   747.55882 86.3   777.45154
  3  0  3   769.10788 77.9   777.45632    5  2  3   747.56270 90.9   777.45542
  3  0  3   769.11363 22.4   777.46207    4  2  3   754.89325  7.6   777.46249
                                          5  2  3   747.56887 85.2   777.46159
  3  0  3   769.15481  0.0   777.50325    5  2  3   747.61052 72.9   777.50324
  3  0  3   769.16124 89.6   777.50968    5  2  3   747.61627 90.7   777.50899
  3  0  3   769.16563 90.2   777.51407    4  2  3   754.94391 72.1   777.51315
  3  0  3   769.17118 83.7   777.51962    5  2  3   747.62593  0.0   777.51865
  3  0  3   769.19727 16.8   777.54571    5  2  3   747.65237 88.0   777.54509
  3  0  3   769.22981 84.1   777.57825    5  2  3   747.68529 71.1   777.57801
  3  0  3   769.23601 88.9   777.58445    4  2  3   755.01575 67.0   777.58499
                                          5  2  3   747.69135  0.0   777.58407
  3  0  3   769.27871  0.2   777.62715    4  2  3   755.05767 57.6   777.62691
                                          5  2  3   747.73498 96.2   777.62770
  3  0  3   769.28728 27.8   777.63572    4  2  3   755.06695 45.7   777.63619
  3  0  3   769.29448 19.3   777.64292    4  2  3   755.07309 83.2   777.64233
                                          5  2  3   747.74962 53.3   777.64234
  3  0  3   769.30568 18.0   777.65412    4  2  3   755.08523 43.5   777.65447
  3  0  3   769.33595 72.4   777.68439    4  2  3   755.11523 36.9   777.68447
                                          5  2  3   747.79137 88.6   777.68409
  3  0  3   769.34185 86.5   777.69029    4  2  3   755.12132 80.0   777.69056
  3  0  3   769.35730 29.5   777.70574    4  2  3   755.13695 55.2   777.70619
  3  0  3   769.36272 91.3   777.71116    4  2  3   755.14275 85.3   777.71199
  3  0  3   769.36830 67.8   777.71674    4  2  3   755.14749 86.0   777.71673
  3  0  3   769.39999  0.0   777.74843    5  2  3   747.85636 92.0   777.74908
  3  0  3   769.41894 74.2   777.76738    5  2  3   747.87382 87.9   777.76654
  3  0  3   769.42380 86.2   777.77224    4  2  3   755.20269 56.8   777.77193
                                          5  2  3   747.87920 44.7   777.77192
  3  0  3   769.44267  2.9   777.79111    5  2  3   747.89924 91.5   777.79196
  3  0  3   769.46712 92.3   777.81556    4  2  3   755.24550 76.6   777.81474
  3  0  3   769.49734  0.0   777.84578    4  2  3   755.27573 67.6   777.84497
  3  0  3   769.50957 91.2   777.85801    5  2  3   747.96533 90.7   777.85805
  3  0  3   769.51385 96.3   777.86229    4  2  3   755.29346 31.6   777.86270
                                          5  2  3   747.96965 82.5   777.86237
  3  0  3   769.51963 68.0   777.86807    4  2  3   755.29965 62.8   777.86889
                                          5  2  3   747.97544 80.0   777.86816
  3  0  3   769.52614 73.6   777.87458    4  2  3   755.30514 84.4   777.87438
  3  0  3   769.53056 66.0   777.87900    4  2  3   755.30992 91.9   777.87916
  3  0  3   769.53809 77.0   777.88653    5  2  3   747.99443 94.3   777.88715
  3  0  3   769.54426 88.2   777.89270    5  2  3   747.99904 85.6   777.89176
  3  0  3   769.57142 86.0   777.91986    4  2  3   755.35119 80.8   777.92043
  3  0  3   769.60016 93.9   777.94860    4  2  3   755.38022 70.7   777.94946
  4  2  3   754.40240 86.2   776.97164    5  2  3   747.07965 41.6   776.97237
  4  2  3   754.40732 51.6   776.97656    5  2  3   747.08429 88.7   776.97701
  4  2  3   754.47317  0.0   777.04241    5  2  3   747.15008  0.0   777.04280
  4  2  3   754.55874  0.0   777.12798    5  2  3   747.23504  0.0   777.12776
  4  2  3   754.57959 89.8   777.14883    5  2  3   747.25574 48.6   777.14846
  4  2  3   754.58547 13.6   777.15471    5  2  3   747.26160 61.9   777.15432
  4  2  3   754.60891 15.1   777.17815    5  2  3   747.28582 27.5   777.17854
  4  2  3   754.61808 36.5   777.18732    5  2  3   747.29548 74.3   777.18821
  4  2  3   754.62401 85.8   777.19325    5  2  3   747.30027 91.9   777.19299
  4  2  3   754.62883 82.3   777.19807    5  2  3   747.30515 49.4   777.19787
  4  2  3   754.64269 18.2   777.21193    5  2  3   747.31999 91.9   777.21271
  4  2  3   754.64863 85.4   777.21787    5  2  3   747.32439 93.3   777.21712
  4  2  3   754.65411 93.6   777.22335    5  2  3   747.33028 78.5   777.22300
  4  2  3   754.66148 97.1   777.23072    5  2  3   747.33761 79.9   777.23033
  4  2  3   754.66689 40.2   777.23613    5  2  3   747.34382 70.6   777.23654
  4  2  3   754.68701 74.5   777.25625    5  2  3   747.36370  0.0   777.25642
  4  2  3   754.71326 38.3   777.28250    5  2  3   747.39063 20.9   777.28335
  4  2  3   754.72530  0.0   777.29454    5  2  3   747.40222 84.5   777.29494
  4  2  3   754.74302 19.1   777.31226    5  2  3   747.41872 83.0   777.31144
  4  2  3   754.75440 56.6   777.32364    5  2  3   747.43190 88.2   777.32462
  4  2  3   754.76560 85.7   777.33484    5  2  3   747.44159 73.7   777.33431
  4  2  3   754.77094 32.0   777.34018    5  2  3   747.44672 78.6   777.33944
  4  2  3   754.77570 47.5   777.34494    5  2  3   747.45221 90.2   777.34493
  4  2  3   754.78100 63.9   777.35024    5  2  3   747.45655 95.5   777.34927
  4  2  3   754.82530 68.3   777.39454    5  2  3   747.50102 83.8   777.39374
  4  2  3   754.83095 46.4   777.40019    5  2  3   747.50713 41.1   777.39985
  4  2  3   754.85059 75.3   777.41983    5  2  3   747.52690 65.2   777.41962
  4  2  3   754.86450 90.6   777.43374    5  2  3   747.54094 88.3   777.43366
  4  2  3   754.87824 51.7   777.44748    5  2  3   747.55381 86.6   777.44653
  4  2  3   754.89325  7.6   777.46249    5  2  3   747.56887 85.2   777.46159
  4  2  3   754.92403 87.8   777.49327    5  2  3   747.60041 86.7   777.49313
  4  2  3   754.94886 44.7   777.51810    5  2  3   747.62593  0.0   777.51865
  4  2  3   754.95907  8.7   777.52831    5  2  3   747.63649 70.7   777.52921
  4  2  3   754.98314 94.3   777.55238    5  2  3   747.66020 92.7   777.55292
  4  2  3   754.99262 76.4   777.56186    5  2  3   747.66904 67.6   777.56176
  4  2  3   755.01575 67.0   777.58499    5  2  3   747.69135  0.0   777.58407
  4  2  3   755.02054 74.3   777.58978    5  2  3   747.69728  0.0   777.59000
  4  2  3   755.03006 77.5   777.59930    5  2  3   747.70752 82.1   777.60024
  4  2  3   755.05767 57.6   777.62691    5  2  3   747.73498 96.2   777.62770
  4  2  3   755.07309 83.2   777.64233    5  2  3   747.74962 53.3   777.64234
  4  2  3   755.10642 90.1   777.67566    5  2  3   747.78305 50.5   777.67577
  4  2  3   755.11523 36.9   777.68447    5  2  3   747.79137 88.6   777.68409
  4  2  3   755.12745 61.2   777.69669    5  2  3   747.80488 94.3   777.69760
  4  2  3   755.17422 74.0   777.74346    5  2  3   747.85075 66.0   777.74347
  4  2  3   755.19655  0.7   777.76579    5  2  3   747.87382 87.9   777.76654
  4  2  3   755.20269 56.8   777.77193    5  2  3   747.87920 44.7   777.77192
  4  2  3   755.22992 35.8   777.79916    5  2  3   747.90655 76.9   777.79927
  4  2  3   755.26598 84.9   777.83522    5  2  3   747.94163 79.9   777.83435
  4  2  3   755.28085 87.8   777.85009    5  2  3   747.95767 88.1   777.85039
  4  2  3   755.29346 31.6   777.86270    5  2  3   747.96965 82.5   777.86237
  4  2  3   755.29965 62.8   777.86889    5  2  3   747.97544 80.0   777.86816
  4  2  3   755.33030 83.5   777.89954    5  2  3   748.00608 79.3   777.89880
  4  2  3   755.33681  0.0   777.90605    5  2  3   748.01288 85.5   777.90560
  4  2  3   755.36992 96.2   777.93916    5  2  3   748.04569 80.0   777.93841
  4  2  3   755.39844 84.1   777.96768    5  2  3   748.07447 52.0   777.96719

 Searching   5  1  4 near    784.85254
 No   1:   4  0  4       13.84736  reg   770.505 -   771.505
 No   2:   5  2  4       29.54562  reg   754.807 -   755.807
 No   3:   6  2  4       38.57011  reg   745.782 -   746.782
  4  0  4   770.50803 90.2   784.35539    6  2  4   745.78572 82.3   784.35583
  4  0  4   770.51413 43.3   784.36149    6  2  4   745.79042 90.6   784.36053
  4  0  4   770.52884 78.4   784.37620    5  2  4   754.83095 46.4   784.37657
  4  0  4   770.53543 87.2   784.38279    5  2  4   754.83622 38.4   784.38184
  4  0  4   770.54713 84.1   784.39449    6  2  4   745.82403 50.0   784.39414
  4  0  4   770.55377 14.0   784.40113    5  2  4   754.85532 88.6   784.40094
  4  0  4   770.56375 94.3   784.41111    5  2  4   754.86450 90.6   784.41012
  4  0  4   770.60051 96.0   784.44787    6  2  4   745.87810 64.5   784.44821
  4  0  4   770.61484 85.3   784.46220    5  2  4   754.91660 51.0   784.46222
                                          6  2  4   745.89182 14.1   784.46193
  4  0  4   770.63108 34.3   784.47844    5  2  4   754.93284 45.8   784.47846
  4  0  4   770.63777  0.0   784.48513    5  2  4   754.93861 82.2   784.48423
                                          6  2  4   745.91568 88.9   784.48579
  4  0  4   770.66675 75.2   784.51411    6  2  4   745.94410 68.3   784.51421
  4  0  4   770.67177 81.9   784.51913    5  2  4   754.97259 65.9   784.51821
  4  0  4   770.68533 84.2   784.53269    5  2  4   754.98750 87.9   784.53312
  4  0  4   770.70725 54.3   784.55461    6  2  4   745.98473 83.7   784.55484
  4  0  4   770.71463 82.0   784.56199    5  2  4   755.01575 67.0   784.56137
  4  0  4   770.73098  0.0   784.57834    6  2  4   746.00888 20.4   784.57899
  4  0  4   770.74080 51.7   784.58816    5  2  4   755.04306 95.8   784.58868
  4  0  4   770.74683 84.7   784.59419    5  2  4   755.04899 47.5   784.59461
                                          6  2  4   746.02315 59.5   784.59326
  4  0  4   770.76479 75.5   784.61215    5  2  4   755.06695 45.7   784.61257
  4  0  4   770.77696 90.1   784.62432    5  2  4   755.07877 85.6   784.62439
  4  0  4   770.78297  4.6   784.63033    5  2  4   755.08523 43.5   784.63085
  4  0  4   770.79628 20.5   784.64364    5  2  4   755.09852 10.4   784.64414
                                          6  2  4   746.07431 73.3   784.64442
  4  0  4   770.80701 90.0   784.65437    6  2  4   746.08456 93.7   784.65467
  4  0  4   770.81144 95.4   784.65880    6  2  4   746.08911 87.3   784.65922
  4  0  4   770.81608 93.7   784.66344    6  2  4   746.09389 92.1   784.66400
  4  0  4   770.82026 95.8   784.66762    5  2  4   755.12132 80.0   784.66694
                                          6  2  4   746.09802 78.1   784.66813
  4  0  4   770.83531 86.8   784.68267    5  2  4   755.13695 55.2   784.68257
  4  0  4   770.85290 91.8   784.70026    5  2  4   755.15490  5.7   784.70052
  4  0  4   770.86189 91.9   784.70925    5  2  4   755.16354 90.6   784.70916
  4  0  4   770.87309  3.3   784.72045    5  2  4   755.17422 74.0   784.71984
  4  0  4   770.91761 71.1   784.76497    5  2  4   755.21982 63.1   784.76544
  4  0  4   770.92301 77.2   784.77037    5  2  4   755.22483 49.6   784.77045
  4  0  4   770.95378 87.5   784.80114    5  2  4   755.25500 67.1   784.80062
  4  0  4   770.96681 83.2   784.81417    6  2  4   746.24376 69.2   784.81387
  4  0  4   770.97590 81.6   784.82326    6  2  4   746.25225 91.5   784.82236
  4  0  4   770.98186 50.5   784.82922    6  2  4   746.25933 86.3   784.82944
  4  0  4   770.99291 61.7   784.84027    6  2  4   746.27103  0.0   784.84114
  4  0  4   771.00392  0.0   784.85128    5  2  4   755.30514 84.4   784.85076
  4  0  4   771.01697 55.2   784.86433    5  2  4   755.31914 84.0   784.86476
                                          6  2  4   746.29438  3.9   784.86449
  4  0  4   771.02392 57.1   784.87128    5  2  4   755.32487 46.4   784.87049
  4  0  4   771.02919 91.7   784.87655    5  2  4   755.33030 83.5   784.87592
  4  0  4   771.03410 83.2   784.88146    5  2  4   755.33681  0.0   784.88243
  4  0  4   771.04421 70.0   784.89157    5  2  4   755.34567 65.7   784.89129
  4  0  4   771.04910 86.9   784.89646    5  2  4   755.35119 80.8   784.89681
  4  0  4   771.05528  3.5   784.90264    5  2  4   755.35734 62.6   784.90296
  4  0  4   771.06338 13.2   784.91074    5  2  4   755.36563 94.0   784.91125
  4  0  4   771.07111 57.0   784.91847    6  2  4   746.34908 91.0   784.91919
  4  0  4   771.07856 81.8   784.92592    5  2  4   755.38022 70.7   784.92584
  4  0  4   771.10045 82.3   784.94781    6  2  4   746.37797 80.3   784.94808
  4  0  4   771.11505 83.1   784.96241    5  2  4   755.41656 71.2   784.96218
  4  0  4   771.12601 79.9   784.97337    5  2  4   755.42680 82.7   784.97242
  4  0  4   771.14845 73.8   784.99581    5  2  4   755.45020 66.1   784.99582
  4  0  4   771.15908 88.5   785.00644    5  2  4   755.46155 66.1   785.00717
  4  0  4   771.17776 87.1   785.02512    5  2  4   755.48017 86.5   785.02579
  4  0  4   771.18589 63.6   785.03325    6  2  4   746.46349 69.7   785.03360
  4  0  4   771.24228 83.2   785.08964    6  2  4   746.51881 36.8   785.08892
  4  0  4   771.24732 89.7   785.09468    6  2  4   746.52411 36.3   785.09422
  4  0  4   771.25195 91.1   785.09931    6  2  4   746.52984 74.2   785.09995
  4  0  4   771.28884 76.3   785.13620    6  2  4   746.56624 70.0   785.13635
  4  0  4   771.29430 73.3   785.14166    6  2  4   746.57191 85.0   785.14202
  4  0  4   771.32776 17.3   785.17512    6  2  4   746.60499  5.7   785.17510
  4  0  4   771.34266 84.8   785.19002    5  2  4   755.64390 91.0   785.18952
  4  0  4   771.34777 85.1   785.19513    5  2  4   755.64860 86.8   785.19422
  4  0  4   771.35621 97.6   785.20357    6  2  4   746.63417 88.4   785.20428
  4  0  4   771.36330 94.7   785.21066    6  2  4   746.63956 35.9   785.20967
  4  0  4   771.38759 54.3   785.23495    6  2  4   746.66521 38.4   785.23532
  4  0  4   771.39348 91.6   785.24084    5  2  4   755.69597 55.4   785.24159
                                          6  2  4   746.67167 22.7   785.24178
  4  0  4   771.41784 41.5   785.26520    6  2  4   746.69479 86.4   785.26490
  4  0  4   771.44129 69.5   785.28865    5  2  4   755.74266 82.1   785.28828
  4  0  4   771.44676 88.6   785.29412    5  2  4   755.74888 81.2   785.29450
  4  0  4   771.45316 19.8   785.30052    5  2  4   755.75435 76.7   785.29997
  4  0  4   771.47277 59.1   785.32013    5  2  4   755.77367 81.9   785.31929
  4  0  4   771.48356 91.2   785.33092    6  2  4   746.76122 24.1   785.33133
  4  0  4   771.49749 78.0   785.34485    5  2  4   755.79898 77.9   785.34460
  4  0  4   771.50627 85.8   785.35363    5  2  4   755.80786 87.4   785.35348
                                          6  2  4   746.78352 35.5   785.35363
  5  2  4   754.82530 68.3   784.37092    6  2  4   745.80048 59.5   784.37059
  5  2  4   754.86450 90.6   784.41012    6  2  4   745.83956  4.5   784.40967
  5  2  4   754.86952 60.1   784.41514    6  2  4   745.84487 46.5   784.41498
  5  2  4   754.87824 51.7   784.42386    6  2  4   745.85457 87.6   784.42468
  5  2  4   754.88338 84.1   784.42900    6  2  4   745.85929 96.1   784.42940
  5  2  4   754.88867 53.8   784.43429    6  2  4   745.86367 86.9   784.43378
  5  2  4   754.89325  7.6   784.43887    6  2  4   745.86870 88.7   784.43881
  5  2  4   754.91660 51.0   784.46222    6  2  4   745.89182 14.1   784.46193
  5  2  4   754.92403 87.8   784.46965    6  2  4   745.90005 83.9   784.47016
  5  2  4   754.93284 45.8   784.47846    6  2  4   745.90934 54.6   784.47945
  5  2  4   754.94391 72.1   784.48953    6  2  4   745.91938 82.1   784.48949
  5  2  4   754.94886 44.7   784.49448    6  2  4   745.92489 87.6   784.49500
  5  2  4   754.95366 14.4   784.49928    6  2  4   745.92949 92.8   784.49960
  5  2  4   754.95907  8.7   784.50469    6  2  4   745.93386 93.6   784.50397
  5  2  4   754.99262 76.4   784.53824    6  2  4   745.96763 46.9   784.53774
  5  2  4   755.05767 57.6   784.60329    6  2  4   746.03277 46.2   784.60288
  5  2  4   755.07309 83.2   784.61871    6  2  4   746.04815  3.6   784.61826
  5  2  4   755.09852 10.4   784.64414    6  2  4   746.07431 73.3   784.64442
  5  2  4   755.12745 61.2   784.67307    6  2  4   746.10319 82.5   784.67330
  5  2  4   755.14275 85.3   784.68837    6  2  4   746.11911 79.1   784.68922
  5  2  4   755.19655  0.7   784.74217    6  2  4   746.17246 63.1   784.74257
  5  2  4   755.21172 48.9   784.75734    6  2  4   746.18814 93.0   784.75825
  5  2  4   755.31914 84.0   784.86476    6  2  4   746.29438  3.9   784.86449
  5  2  4   755.37448 87.3   784.92010    6  2  4   746.34908 91.0   784.91919
  5  2  4   755.39298 94.7   784.93860    6  2  4   746.36947 90.1   784.93958
  5  2  4   755.43827 71.5   784.98389    6  2  4   746.41423  0.0   784.98434
  5  2  4   755.45707 80.4   785.00269    6  2  4   746.43354 35.5   785.00365
  5  2  4   755.47207 93.3   785.01769    6  2  4   746.44849 90.2   785.01860
  5  2  4   755.50340  0.0   785.04902    6  2  4   746.47987 67.4   785.04998
  5  2  4   755.52286 92.3   785.06848    6  2  4   746.49879 90.3   785.06890
  5  2  4   755.52752 78.4   785.07314    6  2  4   746.50389 90.2   785.07400
  5  2  4   755.53228 93.5   785.07790    6  2  4   746.50866 87.8   785.07877
  5  2  4   755.53717 76.1   785.08279    6  2  4   746.51356 87.1   785.08367
  5  2  4   755.55990 93.1   785.10552    6  2  4   746.53535 81.4   785.10546
  5  2  4   755.61846 91.3   785.16408    6  2  4   746.59483 66.0   785.16494
  5  2  4   755.62510 32.2   785.17072    6  2  4   746.59967 39.5   785.16978
  5  2  4   755.63514 72.1   785.18076    6  2  4   746.61139 68.2   785.18150
  5  2  4   755.64860 86.8   785.19422    6  2  4   746.62318 85.4   785.19329
  5  2  4   755.66336 45.3   785.20898    6  2  4   746.63956 35.9   785.20967
  5  2  4   755.67850 50.3   785.22412    6  2  4   746.65485 91.2   785.22496
  5  2  4   755.69597 55.4   785.24159    6  2  4   746.67167 22.7   785.24178
  5  2  4   755.72466 94.9   785.27028    6  2  4   746.69992 87.5   785.27003
  5  2  4   755.73065 70.1   785.27627    6  2  4   746.70639 96.7   785.27650
  5  2  4   755.75949 41.9   785.30511    6  2  4   746.73489 81.0   785.30500
  5  2  4   755.77367 81.9   785.31929    6  2  4   746.74887 86.0   785.31898
  5  2  4   755.80786 87.4   785.35348    6  2  4   746.78352 35.5   785.35363

 Searching   6  1  5 near    793.67282
 No   1:   5  0  5       20.65134  reg   772.521 -   773.521
 No   2:   6  2  5       37.89832  reg   755.274 -   756.274
 No   3:   7  2  5       48.77161  reg   744.401 -   745.401
  5  0  5   772.52337 24.9   793.17471    6  2  5   755.27573 67.6   793.17405
  5  0  5   772.52839 87.8   793.17973    6  2  5   755.28085 87.8   793.17917
  5  0  5   772.53276 95.2   793.18410    6  2  5   755.28665 92.6   793.18497
  5  0  5   772.55293 33.4   793.20427    6  2  5   755.30514 84.4   793.20346
  5  0  5   772.55965 84.6   793.21099    7  2  5   744.43858  0.0   793.21019
  5  0  5   772.61077 42.2   793.26211    7  2  5   744.49076 71.6   793.26237
  5  0  5   772.62095 21.2   793.27229    6  2  5   755.37448 87.3   793.27280
  5  0  5   772.62671 87.6   793.27805    6  2  5   755.38022 70.7   793.27854
  5  0  5   772.65681 93.3   793.30815    7  2  5   744.53752  6.0   793.30913
  5  0  5   772.67319  0.0   793.32453    6  2  5   755.42680 82.7   793.32512
                                          7  2  5   744.55391 69.0   793.32552
  5  0  5   772.68642 91.7   793.33776    7  2  5   744.56616  0.0   793.33777
  5  0  5   772.69142 93.0   793.34276    6  2  5   755.44377 85.3   793.34209
  5  0  5   772.71824 92.7   793.36958    6  2  5   755.47207 93.3   793.37039
  5  0  5   772.73947 93.0   793.39081    6  2  5   755.49307 89.3   793.39139
  5  0  5   772.74499 95.7   793.39633    7  2  5   744.62405  3.7   793.39566
  5  0  5   772.74917 95.1   793.40051    7  2  5   744.62977 71.6   793.40138
  5  0  5   772.75470 66.6   793.40604    7  2  5   744.63477 20.7   793.40638
  5  0  5   772.76480  0.0   793.41614    6  2  5   755.51696 43.2   793.41528
                                          7  2  5   744.64548 69.9   793.41709
  5  0  5   772.78591 89.8   793.43725    7  2  5   744.66550 91.4   793.43711
  5  0  5   772.79186 59.4   793.44320    7  2  5   744.67061 92.5   793.44222
  5  0  5   772.79746 66.4   793.44880    7  2  5   744.67816 16.6   793.44977
  5  0  5   772.80741 95.1   793.45875    6  2  5   755.55990 93.1   793.45822
                                          7  2  5   744.68620 17.3   793.45781
  5  0  5   772.82380 90.1   793.47514    7  2  5   744.70377 73.8   793.47538
  5  0  5   772.82897 78.1   793.48031    7  2  5   744.70945  5.2   793.48106
  5  0  5   772.83979 92.6   793.49113    6  2  5   755.59343 74.5   793.49175
  5  0  5   772.84952 87.4   793.50086    6  2  5   755.60227 90.5   793.50059
  5  0  5   772.85359 91.2   793.50493    6  2  5   755.60751 70.8   793.50583
  5  0  5   772.88133 87.4   793.53267    6  2  5   755.63514 72.1   793.53346
                                          7  2  5   744.76013 39.9   793.53174
  5  0  5   772.88626 86.2   793.53760    6  2  5   755.63990 94.4   793.53822
                                          7  2  5   744.76609 65.8   793.53770
  5  0  5   772.89186  1.5   793.54320    6  2  5   755.64390 91.0   793.54222
  5  0  5   772.90984 82.8   793.56118    6  2  5   755.66336 45.3   793.56168
  5  0  5   772.91542 59.1   793.56676    6  2  5   755.66854 83.9   793.56686
                                          7  2  5   744.79601 82.1   793.56762
  5  0  5   772.93379 91.4   793.58513    6  2  5   755.68610 53.8   793.58442
  5  0  5   772.93834 89.9   793.58968    6  2  5   755.69198 49.4   793.59030
  5  0  5   772.95669 97.4   793.60803    6  2  5   755.71017  0.0   793.60849
                                          7  2  5   744.83573 45.3   793.60734
  5  0  5   772.96197 26.9   793.61331    7  2  5   744.84075 89.3   793.61236
  5  0  5   772.96703 74.3   793.61837    6  2  5   755.72091 91.8   793.61923
  5  0  5   772.97190 83.8   793.62324    6  2  5   755.72466 94.9   793.62298
  5  0  5   772.97761 12.6   793.62895    6  2  5   755.73065 70.1   793.62897
  5  0  5   772.99747 90.9   793.64881    7  2  5   744.87705 95.0   793.64866
  5  0  5   773.00734 57.8   793.65868    6  2  5   755.75949 41.9   793.65781
                                          7  2  5   744.88772 82.9   793.65933
  5  0  5   773.01384 88.9   793.66518    6  2  5   755.76598 73.8   793.66430
  5  0  5   773.02412 26.0   793.67546    6  2  5   755.77784 86.9   793.67616
  5  0  5   773.05904 71.2   793.71038    6  2  5   755.81287 86.5   793.71119
  5  0  5   773.07532  8.5   793.72666    6  2  5   755.82879 95.9   793.72711
  5  0  5   773.08115 82.9   793.73249    6  2  5   755.83379 96.3   793.73211
  5  0  5   773.08546 95.7   793.73680    6  2  5   755.83901 86.6   793.73733
  5  0  5   773.09486 87.2   793.74620    7  2  5   744.97416 88.5   793.74577
  5  0  5   773.10769 75.0   793.75903    7  2  5   744.98648 77.6   793.75809
  5  0  5   773.12383 57.7   793.77517    6  2  5   755.87608 83.6   793.77440
                                          7  2  5   745.00396 88.5   793.77557
  5  0  5   773.13187  0.0   793.78321    6  2  5   755.88564 78.9   793.78396
  5  0  5   773.14508 81.0   793.79642    7  2  5   745.02559 83.9   793.79720
  5  0  5   773.15004 88.4   793.80138    6  2  5   755.90323 78.6   793.80155
                                          7  2  5   745.03007 93.2   793.80168
  5  0  5   773.15499 89.6   793.80633    6  2  5   755.90715 85.0   793.80547
  5  0  5   773.15931 84.7   793.81065    6  2  5   755.91309 76.8   793.81141
  5  0  5   773.16659 23.4   793.81793    6  2  5   755.91876  0.0   793.81708
  5  0  5   773.17386 83.8   793.82520    6  2  5   755.92787 83.2   793.82619
  5  0  5   773.18436 57.9   793.83570    7  2  5   745.06465 85.7   793.83626
  5  0  5   773.18931 86.8   793.84065    6  2  5   755.94175 75.8   793.84007
                                          7  2  5   745.06939 92.7   793.84100
  5  0  5   773.19427 92.3   793.84561    6  2  5   755.94709 94.7   793.84541
                                          7  2  5   745.07402 89.3   793.84563
  5  0  5   773.20006 82.7   793.85140    7  2  5   745.07949 71.8   793.85110
  5  0  5   773.21706  0.0   793.86840    7  2  5   745.09608 93.0   793.86769
  5  0  5   773.22281 19.1   793.87415    6  2  5   755.97507  0.0   793.87339
  5  0  5   773.23639 96.0   793.88773    6  2  5   755.98994 41.4   793.88826
  5  0  5   773.24254 81.4   793.89388    6  2  5   755.99619 83.2   793.89451
                                          7  2  5   745.12215 75.7   793.89376
  5  0  5   773.27615 73.5   793.92749    7  2  5   745.15634 60.8   793.92795
  5  0  5   773.34350 93.6   793.99484    6  2  5   756.09646 76.9   793.99478
                                          7  2  5   745.22227 95.4   793.99388
  5  0  5   773.34712 96.6   793.99846    7  2  5   745.22724 87.9   793.99885
  5  0  5   773.35622 89.8   794.00756    6  2  5   756.10924  0.0   794.00756
                                          7  2  5   745.23601 84.7   794.00762
  5  0  5   773.36147 19.7   794.01281    7  2  5   745.24079 92.4   794.01240
  5  0  5   773.40047 88.9   794.05181    7  2  5   745.28051 89.7   794.05212
  5  0  5   773.40707 18.7   794.05841    6  2  5   756.15949 67.7   794.05781
                                          7  2  5   745.28694 94.6   794.05855
  5  0  5   773.44362 71.7   794.09496    6  2  5   756.19666  0.4   794.09498
  5  0  5   773.45310 60.0   794.10444    7  2  5   745.33307 79.4   794.10468
  5  0  5   773.46390 72.8   794.11524    7  2  5   745.34339 96.4   794.11500
  5  0  5   773.48321 85.8   794.13455    7  2  5   745.36355 73.3   794.13516
  5  0  5   773.48721 84.8   794.13855    6  2  5   756.24113 64.7   794.13945
  5  0  5   773.50741 89.0   794.15875    7  2  5   745.38676 82.6   794.15837
  5  0  5   773.51531 91.8   794.16665    6  2  5   756.26930 69.4   794.16762
                                          7  2  5   745.39585 86.2   794.16746
  6  2  5   755.35734 62.6   793.25566    7  2  5   744.48365  6.8   793.25526
  6  2  5   755.36992 96.2   793.26824    7  2  5   744.49657 83.9   793.26818
  6  2  5   755.39844 84.1   793.29676    7  2  5   744.52480  0.0   793.29641
  6  2  5   755.40459 85.2   793.30291    7  2  5   744.53126 20.0   793.30287
  6  2  5   755.41656 71.2   793.31488    7  2  5   744.54308 87.2   793.31469
  6  2  5   755.42680 82.7   793.32512    7  2  5   744.55391 69.0   793.32552
  6  2  5   755.43230 92.4   793.33062    7  2  5   744.55934 90.3   793.33095
  6  2  5   755.45020 66.1   793.34852    7  2  5   744.57715 73.7   793.34876
  6  2  5   755.48017 86.5   793.37849    7  2  5   744.60694  7.0   793.37855
  6  2  5   755.48633 60.0   793.38465    7  2  5   744.61224  7.6   793.38385
  6  2  5   755.50340  0.0   793.40172    7  2  5   744.62977 71.6   793.40138
  6  2  5   755.53228 93.5   793.43060    7  2  5   744.65960 69.8   793.43121
  6  2  5   755.55174 81.0   793.45006    7  2  5   744.67816 16.6   793.44977
  6  2  5   755.55990 93.1   793.45822    7  2  5   744.68620 17.3   793.45781
  6  2  5   755.58314 87.1   793.48146    7  2  5   744.70945  5.2   793.48106
  6  2  5   755.60751 70.8   793.50583    7  2  5   744.73469 57.4   793.50630
  6  2  5   755.61248 75.7   793.51080    7  2  5   744.73936 64.5   793.51097
  6  2  5   755.61846 91.3   793.51678    7  2  5   744.74503 28.1   793.51664
  6  2  5   755.63990 94.4   793.53822    7  2  5   744.76609 65.8   793.53770
  6  2  5   755.64390 91.0   793.54222    7  2  5   744.77004 88.8   793.54165
  6  2  5   755.64860 86.8   793.54692    7  2  5   744.77545 79.6   793.54706
  6  2  5   755.65453  0.9   793.55285    7  2  5   744.78053 62.7   793.55214
  6  2  5   755.66854 83.9   793.56686    7  2  5   744.79601 82.1   793.56762
  6  2  5   755.68610 53.8   793.58442    7  2  5   744.81230 15.4   793.58391
  6  2  5   755.70311  0.0   793.60143    7  2  5   744.82983 38.4   793.60144
  6  2  5   755.73709 82.8   793.63541    7  2  5   744.86445 62.3   793.63606
  6  2  5   755.77367 81.9   793.67199    7  2  5   744.90113 55.0   793.67274
  6  2  5   755.80340 85.1   793.70172    7  2  5   744.93046 82.9   793.70207
  6  2  5   755.90323 78.6   793.80155    7  2  5   745.03007 93.2   793.80168
  6  2  5   755.94175 75.8   793.84007    7  2  5   745.06939 92.7   793.84100
  6  2  5   755.94709 94.7   793.84541    7  2  5   745.07402 89.3   793.84563
  6  2  5   755.95184 93.0   793.85016    7  2  5   745.07949 71.8   793.85110
  6  2  5   755.98020  0.0   793.87852    7  2  5   745.10749 89.9   793.87910
  6  2  5   755.99619 83.2   793.89451    7  2  5   745.12215 75.7   793.89376
  6  2  5   756.01702 50.3   793.91534    7  2  5   745.14371 95.3   793.91532
  6  2  5   756.02434 67.5   793.92266    7  2  5   745.15009 59.5   793.92170
  6  2  5   756.09646 76.9   793.99478    7  2  5   745.22227 95.4   793.99388
  6  2  5   756.10924  0.0   794.00756    7  2  5   745.23601 84.7   794.00762
  6  2  5   756.11867 90.8   794.01699    7  2  5   745.24555 86.3   794.01716
  6  2  5   756.12476 48.3   794.02308    7  2  5   745.25075 57.6   794.02236
  6  2  5   756.13057 72.7   794.02889    7  2  5   745.25655 60.6   794.02816
  6  2  5   756.14414  2.1   794.04246    7  2  5   745.27017 52.5   794.04178
  6  2  5   756.15949 67.7   794.05781    7  2  5   745.28694 94.6   794.05855
  6  2  5   756.16511 86.6   794.06343    7  2  5   745.29166 95.1   794.06327
  6  2  5   756.17061 31.6   794.06893    7  2  5   745.29757 73.7   794.06918
  6  2  5   756.23146  0.0   794.12978    7  2  5   745.35812 36.3   794.12973
  6  2  5   756.26930 69.4   794.16762    7  2  5   745.39585 86.2   794.16746
  6  2  5   756.27637 90.6   794.17469    7  2  5   745.40210  9.1   794.17371
