C2HD3gr
w
5.000      
 .0010 
 1 1 0      (povtor, Dka, Dkc) 
    2 V= 1 J= 1  1  0       727.757350       726.659425
    8 V= 1 J= 2  1  1                        729.630915
   10 V= 1 J= 3  1  2       735.223260        734.08145
   22 V= 1 J= 4  1  3       741.179460       740.002446
   26 V= 1 J= 5  1  4       748.599970       747.381537
   44 V= 1 J= 6  1  5       757.469190       756.201815
   50 V= 1 J= 7  1  6       767.766000       766.440996
   74 V= 1 J= 8  1  7       779.456570       778.070794
   82 V= 1 J= 9  1  8       792.510290       791.056994
  112 V= 1 J=10  1  9       806.884510       805.360936
  122 V= 1 J=11  1 10       822.538460       820.942893
  158 V= 1 J=12  1 11                         837.76698
  170 V= 1 J=13  1 12       857.555880       855.805865
  212 V= 1 J=14  1 13       876.872360       875.043145
  226 V= 1 J=15  1 14       897.383400       895.472515
  274 V= 1 J=16  1 15       919.089200       917.094749
  290 V= 1 J=17  1 16       941.993490       939.914325
  344 V= 1 J=18  1 17       966.105520       963.936866
  362 V= 1 J=19  1 18       991.428850       989.167686
  424 V= 1 J=20  1 19      1017.967440       1015.61118