New
Searching   0  0  0 near   1044.26932
                                          1  0  1  1042.86057 89.8  1044.26052

 Searching   1  0  1 near   1045.67477
+-0  0  0  1045.66450 84.2  1045.66450    2  0  2  1041.47709 79.6  1045.66665

 Searching   2  0  2 near   1048.47523
-+1  0  1  1047.06866 84.4  1048.46861    3  0  3  1040.11925 73.4  1048.46769

 Searching   3  0  3 near   1052.65003
+-2  0  2  1048.45497 75.8  1052.64453    4  0  4  1038.79600 72.4  1052.64336
  
 Searching   4  0  4 near   1058.16953
+ 3  0  3  1049.81657 78.7  1058.16501    5  0  5  1037.51287 70.7  1058.16421

 Searching   5  0  5 near   1064.99829
-p4  0  4  1051.14855 66.0  1064.99591    6  0  6  1036.26716 50.8  1064.99232
  
 Searching   6  0  6 near   1073.10065
- 5  0  5  1052.44833 72.7  1073.09967    7  0  7  1035.06060 68.7  1073.10015

 Searching   7  0  7 near   1082.44705
-+6  0  6  1053.72418 66.5  1082.44934    8  0  8  1033.87429 65.4  1082.44957

 Searching   8  0  8 near   1093.01810
- 7  0  7  1054.98318 40.6  1093.02273    9  0  9  1032.69985 58.6  1093.02301

 Searching   9  0  9 near   1104.80462
+ 8  0  8  1056.23747 60.0  1104.81275   10  0 10  1031.53154 57.2  1104.81277

 Searching  10  0 10 near   1117.80474
-+9  0  9  1057.49238 61.5  1117.81554   11  0 11  1030.36420 63.8  1117.81552

 Searching  11  0 11 near   1132.02047
+10  0 10  1058.75291 53.1  1132.03414   12  0 12  1029.19751 55.2  1132.03410

 Searching  12  0 12 near   1147.45512 0.016
+11  0 11  1060.02053 47.3  1147.47185   13  0 13  1028.03115 56.6  1147.47127

 Searching  13  0 13 near   1164.11197 0.017
+12  0 12  1061.29322 56.0  1164.12981   14  0 14  1026.86548 53.8  1164.12989

 Searching  14  0 14 near   1182.01139   ????
+13  0 13  1062.56642 85.1  1182.00654   15  0 15  1025.69155 76.1  1182.00285
-I

-13  0 13  1062.57997  5.1  1182.02009   15  0 15  1025.71111 70.5  1182.02241

Searching  15  0 15 near   1201.11837
+14  0 14  1063.85454 55.7  1201.11895   16  0 16  1024.53515 41.3  1201.11722


 Searching  16  0 16 near   1221.45176 
+15  0 15  1065.14386 60.8  1221.45516   17  0 17  1023.37820 55.4  1221.45572


 Searching  17  0 17 near   1243.01219
+16  0 16  1066.43835 53.8  1243.02042   18  0 18  1022.22296 47.3  1243.02105

 Searching  18  0 18 near   1265.79994
-17  0 17  1067.73643 70.3  1265.81394   19  0 19  1021.07102 49.4  1265.81509

 Searching  19  0 19 near   1289.81507
-18  0 18  1069.03984 10.0  1289.83793   20  0 20  1019.92363 68.1  1289.83913

 Searching  20  0 20 near   1315.08693
+19  0 19  1070.35606 69.4  1315.10013   21  0 21  1018.78867 49.0  1315.10104


New
 Searching   1  1  1 near   1047.76169
                                          1  1  0  1044.12562 76.4  1047.75604
                                          2  1  2  1041.66853 84.5  1047.75560

 Searching   2  1  2 near   1050.39855
+-1  1  1  1046.93350 87.0  1050.39231    2  1  1  1043.79065 90.4  1050.39256
                                          3  1  3  1040.36947 77.0  1050.39265

 Searching   3  1  3 near   1054.34748
+ 2  1  2  1048.25577 82.7  1054.34284    3  1  2  1043.29162 84.3  1054.34407
                                          4  1  4  1039.08316 75.3  1054.34328

 Searching   4  1  4 near   1059.60140
- 3  1  3  1049.57562 74.9  1059.59880    4  1  3  1042.62385 88.4  1059.59730
                                          5  1  5  1037.80913 55.5  1059.59851

 Searching   5  1  5 near   1066.15172
+-4  1  4  1050.89167 56.8  1066.15179    5  1  4  1041.79514 87.0  1066.14768
                                          6  1  6  1036.54962 66.8  1066.15123

 Searching   6  1  6 near   1073.98900
- 5  1  5  1052.20039 17.7  1073.98977    7  1  7  1035.30286 61.0  1073.99006

 Searching   7  1  7 near   1083.10358
- 6  1  6  1053.50152 12.3  1083.10313    8  1  8  1034.07065 66.2  1083.10764

 Searching   8  1  8 near   1093.48626
- 7  1  7  1054.80546 57.5  1093.49266    9  1  9  1032.85033 56.9  1093.49298

 Searching   9  1  9 near   1105.12871
+ 8  1  8  1056.10123 59.7  1105.13822   10  1 10  1031.64076 60.7  1105.13782

 Searching  10  1 10 near   1118.02380
+ 9  1  9  1057.39337 61.0  1118.03602   11  1 11  1030.44181 48.1  1118.03616

 Searching  11  1 11 near   1132.16574
+10  1 10  1058.68344 57.8  1132.18050   12  1 12  1029.25093 46.2  1132.18084

 Searching  12  1 12 near   1147.54999
+11  1 11  1059.97312 58.0  1147.56747   13  1 13  1028.06701 59.7  1147.56724

 Searching  13  1 13 near   1164.17315
+-12 1 12  1061.26515 58.0  1164.19506   14  1 14  1026.89188 61.4  1164.19460
  
New  
 Searching   1  1  0 near   1047.93679
                                          1  1  1  1044.47170 74.6  1047.93051
                                          2  1  1  1041.32784 84.3  1047.92975
  
 Searching   2  1  1 near   1050.92212
+ 1  1  0  1047.28473 85.3  1050.91515    2  1  2  1044.82782 34.5  1050.91489
                                          3  1  2  1039.86211 76.7  1050.91456
  
 Searching   3  1  2 near   1055.39330
- 2  1  1  1048.78255 35.0  1055.38446    3  1  3  1045.36336 90.4  1055.38654
                                          4  1  3  1038.41290 71.2  1055.38635
  
 Searching   4  1  3 near   1061.34163
+ 3  1  2  1050.28279 75.7  1061.33524    4  1  4  1046.07672 83.0  1061.33684
                                          5  1  4  1036.98288 66.3  1061.33542
  
 Searching   5  1  4 near   1068.75456
+ 4  1  3  1051.77553 74.2  1068.74898    5  1  5  1046.95842 88.2  1068.74780
                                          6  1  5  1035.57604 64.6  1068.74885
  
 Searching   6  1  5 near   1077.61497
+-5  1  4  1053.25713 66.5  1077.60967    6  1  6  1048.00700 74.7  1077.60861
                                          7  1  6  1034.19749 63.9  1077.60949
                                          
 Searching   7  1  6 near   1087.90033
+ 6  1  5  1054.72369 70.1  1087.89650    7  1  7  1049.21277 22.6  1087.89997
                                          8  1  7  1032.85489 63.7  1087.89668
                                                                              
 Searching   8  1  7 near   1099.58207
- 7  1  6  1056.16837 16.1  1099.58037    8  1  8  1050.53920 90.6  1099.57619
                                          9  1  8  1031.55087 59.9  1099.57886
  
 Searching   9  1  8 near   1112.62569
+-8  1  7  1057.58202 62.8  1112.62381   9  1  9  1051.97752 87.5  1112.62017 
                                        10  1  9  1030.29173 57.6  1112.62367 
  
 Searching  10  1  9 near   1126.99221
- 9  1  8  1058.96340 59.8  1126.99139   10  1 10  1053.49210 86.9  1126.98916
                                         11  1 10  1029.07716 55.3  1126.99105
                                         
 Searching  11  1 10 near   1142.64155
+-10 1  9  1060.30965 54.0  1142.64159   11  1 11  1055.04507  3.0  1142.63942
                                         12  1 11  1027.90356 56.5  1142.64154

 Searching  12  1 11 near   1159.53745
+11  1 10  1061.62410 62.6  1159.53799   12  1 12  1056.60540 91.8  1159.53531
                                         13  1 12  1026.76121 55.1  1159.53807

 Searching  13  1 12 near   1177.65212
-12  1 11  1062.91128  9.7  1177.64926   13  1 13  1058.15370 93.4  1177.65393
                                         14  1 13  1025.63929 58.2  1177.65344
                                         
 Searching  14  1 13 near   1196.96870
+13  1 12  1064.19339 66.6  1196.97025   14  1 14  1059.66691 91.1  1196.96963
                                         15  1 14  1024.52686 55.8  1196.97037

 Searching  15  1 14 near   1217.48044
-14  1 13  1065.46901 62.1  1217.48316   16  1 15  1023.41736 63.3  1217.48311

 Searching  16  1 15 near   1239.18775
+-15 1 14  1066.74931 61.9  1239.19282   16  1 16  1062.59554  8.9  1239.19279
                                         17  1 16  1022.30843 42.7  1239.19375

 Searching  17  1 16 near   1262.09484
-16  1 15  1068.04018 17.6  1262.10593   17  1 17  1064.01918 92.5  1262.10614
                                         18  1 17  1021.19640 60.3  1262.10427

 Searching  18  1 17 near   1286.20707
+-17 1 16  1069.33790 59.7  1286.22322   18  1 18  1065.41863 91.2  1286.22258
                                         19  1 18  1020.08400 65.4  1286.22269

 Searching  19  1 18 near   1311.52956
-+18 1 17  1070.64793 54.9  1311.55580   20  1 19  1018.97378 63.7  1311.55596

 Searching  20  1 19 near   1338.06651
+-19 1 18  1071.96898 69.9  1338.10767   20  1 20  1068.19070 89.0  1338.10841
                                         21  1 20  1017.86620 70.8  1338.10790

 Searching  21  1 20 near   1365.82104 +06
+20  1 19  1073.30190 77.3  1365.88408   22  1 21  1016.76405 80.2  1365.88372

 Searching  22  1 21 near   1394.79534 +09   +3
-21  1 20  1074.64268 83.4  1394.88438   23  1 22  1015.66632 89.3  1394.88409

 Searching  23  1 22 near   1424.99083 +12   +3
-22  1 21  1075.99863 88.8  1425.11830   24  1 23  1014.58076 79.3  1425.11784

 Searching  24  1 23 near   1456.40831 +18   +6
+23  1 22  1077.36781 76.9  1456.58558   25  1 24  1013.51103 85.4  1456.58933


New
Searching   2  2  1 near   1057.18631
                                          2  2  0  1044.39181 75.4  1057.18014
                                          3  2  2  1040.20229 85.7  1057.18003

 Searching   3  2  2 near   1061.40423
+ 2  2  1  1048.62037 84.7  1061.39842    3  2  1  1044.36852 80.1  1061.39744
                                          4  2  3  1038.82841 81.3  1061.39765
                                                                          
 Searching   4  2  3 near   1067.01986
- 3  2  2  1050.03550 33.5  1067.01324    4  2  2  1044.29258 37.8  1067.01366
                                          5  2  4  1037.46724 66.7  1067.01286

 Searching   5  2  4 near   1074.02616
+ 4  2  3  1051.44951 76.7  1074.01875    5  2  3  1044.12562 76.4  1074.01834
                                          6  2  5  1036.12081 69.2  1074.01913

 Searching   6  2  5 near   1082.41441
- 5  2  4  1052.86059 73.8  1082.40621    6  2  4  1043.83664 82.0  1082.40675
                                          7  2  6  1034.79043 40.8  1082.40765

 Searching   7  2  6 near   1092.17431
+ 6  2  5  1054.26725 66.6  1092.16557    7  2  5  1043.39404 83.7  1092.16565
                                          8  2  7  1033.47460 65.8  1092.16541

 Searching   8  2  7 near   1103.29416
+ 7  2  6  1055.66724 66.9  1103.28446    8  2  6  1042.78187 77.7  1103.28518
                                          9  2  8  1032.17786 59.9  1103.28429

 Searching   9  2  8 near   1115.76108
- 8  2  7  1057.06242 36.3  1115.75323    9  2  7  1041.99466 87.8  1115.75334
                                         10  2  9  1030.89919 56.8  1115.74983
                                         
 Searching  10  2  9 near   1129.56142
+ 9  2  8  1058.44213 65.7  1129.54856   10  2  8  1041.02927 90.5  1129.55014
                                         11  2 10  1029.63946 59.4  1129.54904

 Searching  11  2 10 near   1144.68111
-10  2  9  1059.81891  6.2  1144.66955   11  2  9  1039.90307 62.6  1144.66855
                                         12  2 11  1028.39821 50.9  1144.66769

 Searching  12  2 11 near   1161.10616
-11  2 10  1061.18204 60.2  1161.09162   13  2 12  1027.17488 56.4  1161.09203

 Searching  13  2 12 near   1178.82315
+12  2 11  1062.53987 62.5  1178.80935   14  2 13  1025.96839 56.9  1178.80874

 Searching  14  2 13 near   1197.81962
+13  2 12  1063.88764 62.5  1197.80479   14  2 12  1035.73662 91.4  1197.80453
                                         15  2 14  1024.77693 57.0  1197.80514

 Searching  15  2 14 near   1218.08446
-14  2 13  1065.22980  3.0  1218.07015   15  2 13  1034.17789 90.9  1218.07124
                                         16  2 15  1023.59982 58.6  1218.07118

 Searching  16  2 15 near   1239.60805 
+15  2 14  1066.56823 60.5  1239.59644   17  2 16  1022.43429 63.0  1239.59632

 Searching  17  2 16 near   1262.38238
+16  2 15  1067.90321 67.3  1262.37457   17  2 15  1031.00484 94.5  1262.37450
                                         18  2 17  1021.28021 62.8  1262.37420

 Searching  18  2 17 near   1286.40095
+17  2 16  1069.23642 67.0  1286.39845   18  2 16  1029.45621 94.5  1286.39946
                                         19  2 18  1020.13612 64.6  1286.39852
                                         
 Searching  19  2 18 near   1311.65862
+18  2 17  1070.57112 70.8  1311.66511   19  2 17  1027.96035 95.5  1311.66481
                                         20  2 19  1019.00138 66.0  1311.66495

 Searching  20  2 19 near   1338.15143
-19  2 18  1071.90737 40.2  1338.16977   20  2 18  1026.53098 95.2  1338.17166
                                         21  2 20  1017.87735 72.9  1338.17213
                                         
New
