New
Searching   1  1  0 near    727.89691  0.138
-+0  0  0   727.75797 83.2   727.75797    2  2  0   714.96840 79.9   727.75673 +

 Searching   2  1  1 near    730.88464  0.139
- 1  0  1   729.34550 81.2   730.74545    2  2  1   717.96820 79.5   730.74625 -
                                          3  2  1   713.71795 72.3   730.74687 -

 Searching   3  1  2 near    735.35931  0.136
+ 2  0  2   731.03347 76.2   735.22303    3  2  2   718.24543 77.8   735.22317 +
                                          4  2  2   712.50249 72.2   735.22357 +

 Searching   4  1  3 near    741.31203  0.132
+-3  0  3   732.83102 78.7   741.17946    4  2  3   718.61017 69.5   741.17941 -
                                          5  2  3   711.28674 79.5   741.17946 +

 Searching   5  1  4 near    748.72998  0.130
+ 4  0  4   734.75240 62.2   748.59976    5  2  4   719.05409 65.4   748.59971 +
                                          6  2  4   710.03032 68.2   748.60043 +-

 Searching   6  1  5 near    757.59562  0.126
+ 5  0  5   736.81736 64.0   757.46870    6  2  5   719.57086 64.5   757.46918 +-  ?
                                          7  2  5   708.69809 62.9   757.46970 +

 Searching   7  1  6 near    767.88580  0.119
+ 6  0  6   739.04128 77.9   767.76644    7  2  6   720.15103 10.9   767.76825 -
                                          8  2  6   707.26225 72.8   767.76556 +
                         
 Searching   8  1  7 near    779.57115  0.114
+ 7  0  7   741.41702 67.0   779.45657    8  2  7   720.76717 69.3   779.45798 -
                                          9  2  7   705.70000 31.1   779.45868 - I

 Searching   9  1  8 near    792.61624  0.105
+ 8  0  8   743.93501 67.7   792.51029    9  2  8   721.40323 62.1   792.50966 -
                                         10  2  8   703.98984 48.4   792.51071 - I

 Searching  10  1  9 near    806.98121  0.096
+ 9  0  9   746.56138 70.5   806.88454   10  2  9   722.03384 47.6   806.88448 +
                                         11  2  9   702.11714 69.4   806.88262 -

 Searching  11  1 10 near    822.62548  0.084
-10  0 10   749.25955 73.5   822.54078   11  2 10   722.63114 53.7   822.54072 -
                                         12  2 10   700.07607 75.3   822.53846 +
                                         
 Searching  12  1 11 near    839.51292  0.076
-11  0 11   751.98554 28.1   839.43686   12  2 11   723.16835 31.9   839.43783 -
                                         13  2 11   697.86081 56.6   839.43726 - I

 Searching  13  1 12 near    857.61665  0.060
+12  0 12   754.71974 76.2   857.55633   13  2 12   723.63829 52.4   857.55544 +
                                         14  2 12   695.48796 72.5   857.55587 +

 Searching  14  1 13 near    876.92110  0.048
+13  0 13   757.43221 79.6   876.87233   14  2 13   724.03204 42.2   876.87239 +
                                         15  2 13   692.97826 67.3   876.87161 -+

 Searching  15  1 14 near    897.42090  0.037
+14  0 14   760.11877 72.9   897.38318   15  2 14   724.35509 43.3   897.38330 +
                                         16  2 14   690.37571 70.5   897.38371 +

 Searching  16  1 15 near    919.10141
+-w15 0 15  762.77893 86.7   919.09023   16  2 15   724.61861 31.2   919.08997 -
                                         17  2 15   687.71851 74.3   919.08817 + 

 Searching  17  1 16 near    942.01581  0.020
-16  0 16   765.41319 87.7   941.99526   17  2 16   724.83374 25.9   941.99577 -
                                         18  2 16   685.05024 77.6   941.99349 +
                                         
 Searching  18  1 17 near    966.12159  0.016
+17  0 17   768.02774 81.3   966.10525   18  2 17   725.01174 34.5   966.10573 +
                                         19  2 17   682.40111 79.1   966.10557 +

 Searching  19  1 18 near    991.44018  0.011
+18  0 18   770.63064 86.9   991.42873   19  2 18   725.16598 31.7   991.42838 +
                                         20  2 18   679.78876 85.0   991.42944 +

 Searching  20  1 19 near   1017.97591  0.009
-19  0 19   773.22252 81.6  1017.96659   20  2 19   725.30462 34.4  1017.96819 +
                                         21  2 19   677.21746 83.0  1017.96670 +

 Searching  21  1 20 near   1045.73205  0.008
+20  0 20   775.80825 91.5  1045.72375   21  2 20   725.43020 31.4  1045.72498 -
                                         22  2 20   674.68989 86.9  1045.72389 +

 Searching  22  1 21 near   1074.71093  0.007
+21  0 21   778.39098 89.6  1074.70335   22  2 21   725.54950 56.4  1074.70352 -
                                         23  2 21   672.20066 91.3  1074.70266 +

 Searching  23  1 22 near   1104.91414  0.011
+22  0 22   780.96852 89.3  1104.90307   23  2 22   725.66479 47.1  1104.90463 +
                                         24  2 22   669.74281 85.6  1104.90383 -

 Searching  24  1 23 near   1136.34272  0.011
+-23  0 23  783.54947 90.2  1136.33136   24  2 23   725.78040 44.1  1136.33158 -
                                         25  2 23   667.31172 89.5  1136.32989 -

 Searching  25  1 24 near   1168.98086
+24  0 24   786.12984 93.5  1168.98402   25  2 24   725.89397 66.0  1168.98122 -
                                         26  2 24   664.90443 92.2  1168.98377 +

 Searching  26  1 25 near   1202.85665
-25  0 25   788.71020 94.5  1202.86139   26  2 25   726.01400 56.7  1202.86145 +
                                         27  2 25   662.51134 94.0  1202.86045 - shum

New
Searching   2  2  1 near    737.27912  0.232
+ 1  1  1   733.58811 81.5   737.04692    2  1  1   730.44497 86.0   737.04688 -
                                          3  3  1   709.34220 77.8   737.04741 +

 Searching   3  2  2 near    741.49890  0.231
+ 2  1  2   735.18001 72.9   741.26708    3  1  2   730.21579 82.3   741.26824 -+
                                          4  3  2   707.94292 67.5   741.26693 +

 Searching   4  2  3 near    747.11696  0.230
++3  1  3   736.86352 77.8   746.88670    4  1  3   729.91090 69.6   746.88435 +
                                          5  3  3   706.53101 74.7   746.88549 +

 Searching   5  2  4 near    754.12620  0.232
+?4  1  4   738.63316 71.3   753.89328    5  1  4   729.54138 73.6   753.89392 +
                                          6  3  4   705.09460 69.3   753.89400 +

 Searching   6  2  5 near    762.51783  0.232
- 5  1  5   740.49556 83.3   762.28494    6  1  5   729.11342 39.6   762.28623 -
                                          7  3  5   703.62533 66.4   762.28575 +
                                       
 Searching   7  2  6 near    772.28147  0.232
+ 6  1  6   742.44732 72.0   772.04893    7  1  6   728.63710 38.9   772.04910 -
                                          8  3  6   702.11021 63.1   772.04767 -+w
                                          
 Searching   8  2  7 near    783.40531  0.233
- 7  1  7   744.48510 73.3   783.17230    8  1  7   728.12988 60.2   783.17167 +
                                          9  3  7   700.54317 66.1   783.17147 +-

 Searching   9  2  8 near    795.87637  0.234
+ 8  1  8   746.60520 71.5   795.64219    9  1  8   727.61442 53.6   795.64241 +
                                         10  3  8   698.91416 73.2   795.64240 +
                             
 Searching  10  2  9 near    809.68087  0.236
+ 9  1  9   748.80206 73.7   809.44471   10  1  9   727.11298 46.5   809.44492 +
                                         11  3  9   697.21508 66.0   809.44518 -

 Searching  11  2 10 near    824.80464  0.237
+-10 1 10   751.06998 79.6   824.56704   11  1 10   726.65462 55.0   824.56851 +
                                         12  3 10   695.44371 77.4   824.56798 +
                                         
 Searching  12  2 11 near    841.23360  0.238
+11  1 11   753.40125 74.0   840.99560   12  1 11   726.25580 37.3   840.99378 -
                                         13  3 11   693.59600 76.0   840.99505 +-w

 Searching  13  2 12 near    858.95426  0.241
+12  1 12   755.78261 76.4   858.71252   13  1 12   725.93545 38.2   858.71231 +
                                         14  3 12   691.67365 74.2   858.71464 -
                                         
 Searching  14  2 13 near    877.95417  0.242
+13  1 13   758.21190 84.7   877.71213   14  1 13   725.69772 26.6   877.71187 +
                                         15  3 13   689.67733 50.2   877.71270 -

 Searching  15  2 14 near    898.22223  0.244
-+14 1 14   760.67502 84.4   897.97774   15  1 14   725.53508 45.1   897.97859 +-w
                                         16  3 14   687.61024 78.3   897.97695 +

 Searching  16  2 15 near    919.74888  0.247
-15  1 15   763.16544 82.9   919.50095   16  1 15   725.43451 40.3   919.50026 -
                                         17  3 15   685.48244 79.6   919.50172 +

 Searching  17  2 16 near    942.52621  0.248
+-16 1 16   765.68062 78.7   942.27787   17  1 16   725.39144 22.0   942.27676 -
                                         18  3 16   683.30014 84.4   942.27782 +
                                         
 Searching  18  2 17 near    966.54785  0.249
-17  1 17   768.21123 88.7   966.29819   18  1 17   725.39144 22.0   966.29931 -
                                         19  3 17   681.07128 88.2   966.29857 +
                               
 Searching  19  2 18 near    991.80877  0.253
+18  1 18   770.75166 89.3   991.55561   19  1 18   725.41951 45.0   991.55820 + ?
                                         20  3 18   678.80181 72.1   991.55648 +-
                                         
 Searching  20  2 19 near   1018.30516  0.253
+19  1 19   773.30420 88.7  1018.05187   20  1 19   725.46533 90.5  1018.04751 + shum
                                         21  3 19   676.49918 78.1  1018.04710 +
                                         
 Searching  21  2 20 near   1046.03409  0.252
+20  1 20   775.86380 90.3  1045.78151   21  1 20   725.54030 33.9  1045.78200 +-w
                                         22  3 20   674.18463 86.6  1045.78142 +
                                         
 Searching  22  2 21 near   1074.99337  0.250
-+21  1 21   778.42944 91.2  1074.74316  22  1 21   725.62325 28.7  1074.74292 +
                                         23  3 21   671.84905 86.3  1074.74179 +-
                                         
 Searching  23  2 22 near   1105.18133  0.248
-22  1 22   780.99739 82.8  1104.93277   23  1 22   725.71556 66.5  1104.93333 -
                                         24  3 22   669.50441 91.6  1104.93329 +

 Searching  24  2 23 near   1136.59668  0.244
+23  1 23   783.57005 93.2  1136.35244   24  1 23   725.81476 44.7  1136.35184 +
                                         25  3 23   667.15148 89.4  1136.35127 +

 Searching  25  2 24 near   1169.23837  0.234
+24  1 24   786.14932 91.7  1169.00381   25  1 24   725.92396 30.8  1169.00226 +
                                         26  3 24   664.80312 86.5  1169.00443 +

 Searching  26  2 25 near   1203.10552  0.219
+25  1 25   788.73511 94.0  1202.88648   26  1 25   726.04560 61.1  1202.88739 +
                                         27  3 25   662.45724 90.0  1202.88758 +
New
Searching   2  2  0 near    737.05725
+-1  1  0   733.42709 78.0   737.05751    3  3  0   709.35116 65.0   737.05676 +

 Searching   3  2  1 near    741.31910
+ 2  1  1   734.71647 85.1   741.31838    3  3  1   713.61311 85.5   741.31832 +
                                          4  3  1   707.99325 80.6   741.31995 -
 Searching   4  2  2 near    747.04060
- 3  1  2   735.98862 69.4   747.04107    4  3  2   713.71795 72.3   747.04196 -
                                          5  3  2   706.67522 72.7   747.04044 +
                                          
 Searching   5  2  3 near    754.25025
+ 4  1  3   737.27713 74.1   754.25058    5  3  3   713.89621 82.7   754.25069 +-w
                                          6  3  3   705.41786 68.3   754.24926 +

 Searching   6  2  4 near    762.97483
+ 5  1  4   738.62195 60.8   762.97449    6  3  4   714.17527 69.8   762.97467 +
                                          7  3  4   704.23610 42.4   762.97560 -
                                          
 Searching   7  2  5 near    773.23277
+ 6  1  5   740.05873 64.3   773.23154    7  3  5   714.57247 70.0   773.23289 +
                                          8  3  5   703.12405 65.0   773.23249 +

 Searching   8  2  6 near    785.02990
+ 7  1  6   741.61843 70.6   785.03043    8  3  6   715.09418 80.1   785.03164 -
                                          9  3  6   702.06682 77.0   785.02851 -

Searching   9  2  7 near    798.36765
+ 8  1  7   743.31755 70.6   798.35934    9  3  7   715.72929 60.1   798.35759 +-
                                         10  3  7   701.03347 57.1   798.35919 +

 Searching  10  2  8 near    813.21156
- 9  1  8   745.17548 51.7   813.20347   10  3  8   716.47587 56.3   813.20411 +-
                                         11  3  8   699.97524 56.6   813.20177 +
                                         
 Searching  11  2  9 near    829.54347
-10  1  9   747.20368 67.6   829.53562   11  3  9   717.30559 74.9   829.53569 -
                                         12  3  9   698.85231 69.7   829.53689 +
					 
 Searching  12  2 10 near    847.33201
+11  1 10   749.41312 65.6   847.32701   12  3 10   718.20209 71.3   847.32636 +-w
                                         13  3 10   697.61728 56.3   847.32713 +

 Searching  13  2 11 near    866.54065
+12  1 11   751.80285 65.6   866.54083   13  3 11   719.13997 58.5   866.53902 -
                                         14  3 11   696.24208 74.1   866.54119 +

 Searching  14  2 12 near    887.12815
+13  1 12   754.35741 55.3   887.13427   14  3 12   720.09401  1.1   887.13500 -
                                         15  3 12   694.69940 58.4   887.13571 +

 Searching  15  2 13 near    909.04970
+14  1 13   757.05126 64.6   909.06541   15  3 13   721.02954 34.1   909.06491 +
                                         16  3 13   692.97180 64.0   909.06679 +

 Searching  16  2 14 near    932.25952
-15  1 14   759.84455 64.6   932.28806   16  3 14   721.92231 60.1   932.28902 -
                                         17  3 14   691.04563 79.0   932.28662 +-w

 Searching  17  2 15 near    956.71507
+16  1 15   762.68759 67.8   956.75334   17  3 15   722.73459 39.8   956.75387 -
                                         18  3 15   688.91754 67.2   956.75198 +

 Searching  18  2 16 near    982.38188
+17  1 16   765.51799 76.3   982.40331   18  3 16   723.42652 41.5   982.40420 +
                                         19  3 16   686.57279 70.5   982.40369 +
New
Searching   3  3  1 near    752.20863
- 2  2  1   739.43395 73.6   752.21200    3  2  1   735.18001 72.9   752.20893 +?cd
                                          4  4  1   703.89802 49.2   752.21120 +

 Searching   4  3  2 near    757.85429
- 3  2  2   740.87613 81.5   757.85387    4  2  2   735.13532 87.2   757.85640 +
                                          5  4  2   702.52253 47.5   757.85729 +

 Searching   5  3  3 near    764.72112
+ 4  2  3   742.35238 65.9   764.92162    5  2  3   735.02737 79.7   764.92009 +
                                          6  4  3   701.15287 75.5   764.92070 +

 Searching   6  3  4 near    773.18866
+ 5  2  4   743.86092 60.3   773.40654    6  2  4   734.83758 79.4   773.40769 -
                                          7  4  4   699.79047 75.6   773.40658 +

 Searching   7  3  5 near    783.07585
+ 6  2  5   745.41561 62.2   783.31393    7  2  5   734.54262 60.6   783.31423 +
                                          8  4  5   698.43040 68.3   783.31402 +

Searching   8  3  6 near    794.38278
+ 7  2  6   747.02733 74.6   794.64455    8  2  6   734.14259 63.8   794.64590 +-w
                                          9  4  6   697.07115 77.4   794.64560 +

Searching   9  3  7 near    807.10748
+ 8  2  7   748.70566 71.8   807.39647    9  2  7   733.63876 71.5   807.39744 +
                                         10  4  7   695.70400 61.0   807.39644 +-

Searching  10  3  8 near    821.24566  
+ 9  2  8   750.45839 64.8   821.56482   10  2  8   733.04234 65.8   821.56321 +
                                         11  4  8   694.32236 62.9   821.56310 +-

 Searching  11  3  9 near    836.79066 
-10  2  9   752.28570 20.5   837.13634   11  2  9   732.37106 69.9   837.13654 +-
                                         12  4  9   692.91617 64.1   837.13753 +

 Searching  12  3 10 near    853.73348  
+11  2 10   754.19941 72.6   854.10899   12  2 10   731.64721 70.4   854.10960 +
                                         13  4 10   691.47454 53.6   854.10919 +-

Searching  13  3 11 near    872.06308  0.407     872.47008
+12  2 11   756.19644 66.5   872.46592   13  2 11   730.89032 52.0   872.46677 +
                                         14  4 11   689.98826 78.3   872.46719 +

Searching  14  3 12 near    891.76670  0.43   892.1967
+13  2 12   758.27746 62.2   892.19461   14  2 12   730.12783 53.9   892.19574 +
                                         15  4 12   688.44416 66.6   892.19432 +

 Searching  15  3 13 near    912.83029  0.447
+14  2 13   760.43741 65.9   913.27776   15  2 13   729.38658 59.6   913.27993 +
                                         16  4 13   686.83653 65.8   913.27828 +

 Searching  16  3 14 near    935.23899  0.457
+15  2 14   762.66876 71.0   935.69697   16  2 14   728.69103 51.2   935.69903 +
                                         17  4 14   685.15391 64.3   935.69851 +-

 Searching  17  3 15 near    959.46369
+16  2 15   764.95304 74.7   959.42440   17  2 15   728.05531 61.6   959.42497 +
                                         18  4 15   683.37595 84.0   959.42317 -
New
Searching   3  3  0 near    752.20905
+ 2  2  0   739.42291 42.9   752.21124    4  4  0   703.89802 49.2   752.21122  +

 Searching   4  3  1 near    757.85723
+ 3  2  1   740.82904 70.2   757.85796    4  4  1   709.54444 77.8   757.85762 +
                                          5  4  1   702.52253 47.5   757.85740 +
                                          
 Searching   5  3  2 near    764.93041
+ 4  2  2   742.20933 64.5   764.93041    5  4  2   709.59674 88.5   764.93150 -
                                          6  4  2   701.16303 57.7   764.93140 +
 
 Searching   6  3  3 near    773.43955
+ 5  2  3   743.54478 72.9   773.43750    6  4  3   709.66802 84.1   773.43585 +-w
                                          7  4  3   699.82088 59.7   773.43896 +

 Searching   7  3  4 near    783.39994
+ 6  2  4   744.82436 68.3   783.39447    7  4  4   709.77983 81.9   783.39594 +
                                          8  4  4   698.50615 65.4   783.39563 +

 Searching   8  3  5 near    794.83185
+ 7  2  5   746.04831 66.0   794.81992    8  4  5   709.93740 80.6   794.82102 +
                                          9  4  5   697.23165 58.9   794.82121 +

 Searching   9  3  6 near    807.76025
+ 8  2  6   747.23576 56.5   807.73907    9  4  6   710.16247 78.2   807.73692 -
                                         10  4  6   696.00971 75.2   807.73701 +-
 Searching  10  3  7 near    822.19733
+ 9  2  7   748.41820 62.7   822.17688   10  4  7   710.48368 66.9   822.17612 +
                                         11  4  7   694.86132 66.0   822.17563 +
 Searching  11  3  8 near    838.19326
+10  2  8   749.63633 50.6   838.15720   11  4  8   710.91562 52.5   838.15636 +
                                         12  4  8   693.79164 60.0   838.15716 +

 Searching  12  3  9 near    855.75838
+11  2  9   750.93795 52.9   855.70343   12  4  9   711.48398 68.4   855.70534 +
                                         13  4  9   692.80579 76.2   855.70556 +

 Searching  13  3 10 near    874.90125
+12  2 10   752.36529 63.5   874.82768   13  4 10   712.19321 66.6   874.82786 +
                                         14  4 10   691.88801 68.2   874.82792 +

Searching  14  3 11 near    895.61651
+13  2 11   753.94655 58.7   895.52300   14  4 11   713.04524 67.9   895.52417 +
                                         15  4 11   691.01044 63.8   895.52229 +

Searching  15  3 12 near    917.88568
+14  2 12   755.70240 61.2   917.77031   15  4 12   714.02058 77.0   917.77074 +
                                         16  4 12   690.13026 74.6   917.77232 +
 Searching  16  3 13 near    941.67992
+15  2 13   757.65189 66.7   941.54524   16  4 13   715.10651 68.1   941.54826 +?cd
                                         17  4 13   689.19205 66.3   941.54544 +
 Searching  17  3 14 near    966.81567
+16  2 14   759.80389 69.5   966.81189   17  4 14   716.26727 75.4   966.81187 +
                                         18  4 14   688.15327 69.6   966.81339 +

 Searching  18  3 15 near    993.53356
+17  2 15   762.15838 60.9   993.52804   18  4 15   717.48045 76.0   993.52767 +
                                         19  4 15   686.96336 69.7   993.52726 +

 Searching  19  3 16 near   1021.65660
+18  2 16   764.69752 70.1  1021.64077   19  4 16   718.70705 74.1  1021.64315 --+
                                         20  4 16   685.58867 75.8  1021.64102 -

 Searching  20  3 17 near   1051.13588
+19  2 17   767.39064 67.9  1051.09510   20  4 17   719.89818 66.8  1051.09430 +-w
                                         21  4 17   683.99529 74.6  1051.09552 +

New
 Searching   4  4  1 near    773.14302
+ 3  3  1   745.43805 58.6   773.14326    4  3  1   739.81574 89.0   773.14244 -
                                          5  5  1   698.53952 63.5   773.14280 +
 Searching   5  4  2 near    780.19834
+ 4  3  2   746.87194 51.0   780.19595    5  3  2   739.83283 81.8   780.19805 + 
                                          6  5  2   697.17120 39.3   780.19804 +

 Searching   6  4  3 near    788.67173
+ 5  3  3   748.31500 70.9   788.66948    6  3  3   739.83922 76.7   788.67062 +
                                          7  5  3   695.81042 43.4   788.67095 +
 Searching   7  4  4 near    798.56679
+ 6  3  4   749.76756 65.5   798.56696    7  3  4   739.82568 77.6   798.56518 +
                                          8  5  4   694.45866 51.7   798.56584 +-w
 Searching   8  4  5 near    809.88743
+ 7  3  5   751.22529 64.9   809.88571    8  3  5   739.77687 73.0   809.88531 +
                                          9  5  5   693.11466 60.2   809.88470 +
 Searching   9  4  6 near    822.63758
+ 8  3  6   752.69889 59.7   822.63635    9  3  6   739.67567 76.0   822.63736 +-w
                                         10  5  6   691.78199 61.5   822.63471 +
 Searching  10  4  7 near    836.82085
- 9  3  7   754.19266 64.1   836.82096   10  3  7   739.49278 74.1   836.81850 + 

Searching  11  4  8 near    852.44012
+10  3  8   755.70897 64.8   852.43721   11  3  8   739.21147 77.7   852.43800 +-
                                         12  5  8   689.14394 62.8   852.43746 +
                                         
 Searching  12  4  9 near    869.49704
+11  3  9   757.26637 73.1   869.49647   12  3  9   738.81064 78.4   869.49522 +
                                         13  5  9   687.83407 71.9   869.49412 +
                                                                                  
 Searching  13  4 10 near    887.99154
-I12  3 10   758.86660 56.3   887.99087  13  3 10   738.28214 61.4   887.99199 +?I
                                         14  5 10   686.52984 43.0   887.99277 -I
 
 Searching  14  4 11 near    907.92138
+13  3 11   760.52065 64.7   907.91970   14  3 11   737.62159 67.1   907.92070 +
                                         15  5 11   685.21676 31.3   907.92272 -
 
 Searching  15  4 12 near    929.28187
+14  3 12   762.23411 74.7   929.27510   15  3 12   736.83942 70.0   929.27573 +
                                         16  5 12   683.88317 79.5   929.27542 +
 Searching  16  4 13 near    952.06567                               ????????????????
+15  3 13   764.00185 70.4   952.03722   16  3 13   735.94056 93.8   952.03555 -
                                         17  5 13   682.51540 88.4   952.03924 +w
 Searching  17  4 14 near    976.26279
-16  3 14   765.90703 74.3   976.27374   17  3 14   735.03301 81.6   976.27400 +-w
                                         18  5 14   681.17359 87.0   976.27486 +

New
 Searching   4  4  0 near    773.14304
+ 3  3  0   745.43805 58.6   773.14365    5  5  0   698.53952 63.5   773.14280 +
                                          
 Searching   5  4  1 near    780.19845
+ 4  3  1   746.87194 51.0   780.19864    5  5  1   705.59564 80.6   780.19892 +
                                          6  5  1   697.17120 39.3   780.19805 +

 Searching   6  4  2 near    788.67229
+ 5  3  2   748.30497 56.1   788.67019    6  5  2   705.64445 78.9   788.67129 +-
                                          7  5  2   695.81042 43.4   788.67097 +

 Searching   7  4  3 near    798.56883
+ 6  3  3   749.73498 63.9   798.56638    7  5  3   705.70594 26.2   798.56647 -I
                                          8  5  3   694.45866 51.7   798.56593 +-

 Searching   8  4  4 near    809.89351
+-7  3  4   751.14901 57.7   809.88851    8  5  4   705.77805 78.4   809.88523 +
                                          9  5  4   693.11466 60.2   809.88503 +

Searching   9  4  5 near    822.65324
+ 8  3  5   752.54182 57.4   822.65026    9  5  5   705.88003 73.8   822.65007 +
                                         10  5  5   691.79586 67.8   822.64958 +
 
 Searching  10  4  6 near    836.85697
+ 9  3  6   753.87491 61.1   836.83660   10  5  6   705.98361 71.3   836.83633 +
                                         11  5  6   690.47305 80.6   836.83485 +

 Searching  11  4  7 near    852.51634
-10  3  7   755.15376 76.0   852.47948   11  5  7   706.11335 40.1   852.47251 -I
                                         12  5  7   689.17316 89.1   852.47303 +-w

 Searching  12  4  8 near    869.64636
+-11  3  8  756.38663 84.8   869.61316   12  5  8   706.31692 80.7   869.61044 -
                                         13  5  8   687.93612 81.3   869.61031 +
                                         
 Searching  13  4  9 near    888.26608
-I12  3  9  757.58480 62.3   888.26938   13  5  9   706.60980 71.6   888.26985 +
                                         14  5  9   686.77891 76.7   888.27125 -
                                         
 Searching  14  4 10 near    908.39860
+-13  3 10  758.69036 73.3   908.40021   14  5 10   706.93785 74.9   908.40078 +
                                         15  5 10   685.63955 29.8   908.40328 -
 
 Searching  15  4 11 near    930.07009
+14  3 11   759.79013 68.5   930.08924   15  5 11   707.38341 75.1   930.08937 -
                                         16  5 11   684.59080 77.2   930.09092 +
                                          
 Searching  16  4 12 near    953.30716
-I15  3 12  760.88104 52.1   953.31735   16  5 12   707.92422 72.6   953.31647 +
                                         17  5 12   683.60003 71.0   953.31629 +
 Searching  17  4 13 near    978.13252
+16  3 13   762.04300 67.0   978.13799   17  5 13   708.61393 80.5   978.13777 +?I
                                         18  5 13   682.70639  6.1   978.13687 - 
 Searching  18  4 14 near   1004.55985
-I17  3 14  763.31837 28.1  1004.55936   18  5 14   709.45753 72.2  1004.55880 +
                                         19  5 14   681.89537 15.9  1004.56029 -
 Searching  19  4 15 near   1032.58976
+18  3 15   764.75006 63.0  1032.58450   19  5 15   710.46049 76.4  1032.58367 -
                                         20  5 15   681.13948 77.1  1032.58447 +
 
 Searching  20  4 16 near   1062.20836
+19  3 16   766.36233 67.2  1062.19323   20  5 16   711.60585 82.3  1062.19185 -
                                         21  5 16   680.39537 50.2  1062.19299 -
 Searching  21  4 17 near   1093.38859
+20  3 17   768.17873 68.1  1093.36116   21  5 17   712.87626 85.8  1093.35996 +
                                         22  5 17   679.61247 20.6  1093.36032 -

New
 Searching   5  5  1 near    799.85003
+ 4  4  1   751.53011 33.1   799.84329    5  4  1   744.50995 88.3   799.84482 -
                                          6  6  1   693.27068 63.2   799.84239 +

 Searching   6  5  2 near    808.31366
+ 5  4  2   752.96935 39.9   808.30411    6  4  2   744.53739 70.4   808.30576 +
                                          7  6  2   691.90674 41.3   808.30381 +
 
 Searching   7  5  3 near    818.19374
- 6  4  3   754.41338 52.6   818.18121    7  4  3   744.56624 71.1   818.18432 +
                                          8  6  3   690.55092 38.7   818.18244 +

 Searching   8  5  4 near    829.49296
+-7  4  4   755.86080 41.9   829.47691    8  4  4   744.59015 84.9   829.47963 -
                                          9  6  4   689.20159 47.4   829.47883 +
 Searching   9  5  5 near    842.21440
+ 8  4  5   757.31466 55.0   842.19828    9  4  5   744.60681 71.5   842.19637 +
                                         10  6  5   687.86192 45.7   842.19864 +
 Searching  10  5  6 near    856.36146
- 9  4  6   758.76492 66.6   856.33937   10  4  6   744.61217 76.6   856.33947 +
                                         11  6  6   686.52984 43.0   856.34254 +
 Searching  11  5  7 near    871.93783
-10  4  7   760.22017  4.1   871.91261   11  4  7   744.59627 62.0   871.91058 +
                                         12  6  7   685.20458 61.2   871.91278 + 
 Searching  12  5  8 near    888.94742
+11  4  8   761.67322 57.9   888.91396   12  4  8   744.54924 76.0   888.91476 +
                                         13  6  8   683.88896 67.8   888.91552 +

 Searching  13  5  9 near    907.39420
+12  4  9   763.13092 59.5   907.35228   13  4  9   744.45322 78.1   907.35299 +
                                         14  6  9   682.58127 71.7   907.35261 +

Searching  14  5 10 near    927.28199
-13  4 10   764.59586 76.0   927.23051   14  4 10   744.28836 74.4   927.22827 +
                                         15  6 10   681.28335 73.6   927.22973 +
 Searching  15  5 11 near    948.61422
+14  4 11   766.06907 58.4   948.54800   15  4 11   744.03689 74.7   948.54874 +
                                         16  6 11   679.99432 74.2   948.55005 +
 Searching  16  5 12 near    971.39354
+15  4 12   767.56484 75.4   971.31500   16  4 12   743.67377 80.0   971.31583 +
                                         17  6 12   678.70958 87.6   971.31313 -
 Searching  17  5 13 near    995.62145
+16  4 13   769.07704 74.2   995.51879   17  4 13   743.16752 19.2   995.52091 -
                                         18  6 13   677.42529 79.4   995.51933 +

New
 Searching   5  5  0 near    799.85003
+ 4  4  0   751.53011 33.1   799.84331   
                                          6  6  0   693.27068 63.2   799.84239 +
 Searching   6  5  1 near    808.31366
+ 5  4  1   752.96935 39.9   808.30422    6  6  1   701.73332 83.2   808.30503 +
                                          7  6  1   691.90674 41.3   808.30381 +
_
 Searching   7  5  2 near    818.19376
- 6  4  2   754.41338 52.6   818.18175    7  6  2   701.78665 32.5   818.18372 +I
                                          8  6  2   690.55092 38.7   818.18244 +

 Searching   8  5  3 near    829.49306
+-7  4  3   755.86080 41.9   829.47888    8  6  3   701.84751 78.0   829.47903 + 
                                          9  6  3   689.20159 47.4   829.47884 +

Searching   9  5  4 near    842.21475
+ 8  4  4   757.30940 55.1   842.19888    9  6  4   701.92044 67.9   842.19768 +-
                                         10  6  4   687.86192 45.7   842.19866 +
Searching  10  5  5 near    856.36250
+-9  4  5   758.75392 60.3   856.34348   10  6  5   702.00579 73.7   856.34251 +-w
                                         11  6  5   686.52984 43.0   856.34259 +

 Searching  11  5  6 near    871.94058
+-10 4  6   760.19267 69.9   871.91997   11  6  6   702.10557 72.9   871.91827 +-w
                                         12  6  6   685.21161 77.2   871.91998 -

 Searching  12  5  7 near    888.95403
+11  4  7   761.61645 71.5   888.93076   12  6  7   702.22324 77.2   888.93144 +
                                         13  6  7   683.90479 64.1   888.93178 +

 Searching  13  5  8 near    907.40890 
+12  4  8   763.02021 59.9   907.38573   13  6  8   702.35963 75.5   907.38619 +
                                         14  6  8   682.61368 67.4   907.38610 +

 Searching  14  5  9 near    927.31259
+13  4  9   764.39203 69.8   927.29180   14  6  9   702.52253 47.5   927.29387 -
                                         15  6  9   681.34325 69.7   927.29214 -

 Searching  15  5 10 near    948.67431
+14  4 10   765.71582 60.0   948.65573   15  6 10   702.70821 78.3   948.65459 +
                                         16  6 10   680.09572 83.8   948.65689 - 

 Searching  16  5 11 near    971.50571
+15  4 11   766.97944 60.7   971.49129   16  6 11   702.93735 82.4   971.49308 -
                                         17  6 11   678.87565 71.9   971.49043 +

 Searching  17  5 12 near    995.82149
+16  4 12   768.16901 65.5   995.81107   17  6 12   703.20727 76.5   995.81082 +
                                         18  6 12   677.69587 73.6   995.81199 +

 Searching  18  5 13 near   1021.64003
+17  4 13   769.27799 65.6  1021.63138   18  6 13   703.53989 82.4  1021.63393 +
                                         19  6 13   676.55945 76.9  1021.63233 +
 Searching  19  5 14 near   1048.98356
+18  4 14   770.31730 68.2  1048.97742   19  6 14   703.94367 84.4  1048.97492 -w

 Searching  20  5 15 near   1077.87764
+19  4 15   771.30352 66.0  1077.86742   20  6 15   704.44967 84.9  1077.86854 -
                                         21  6 15   674.47568 82.1  1077.86779 +
 Searching  21  5 16 near   1108.34920
+20  4 16   772.28006 74.4  1108.33241   21  6 16   705.07117 86.7  1108.33111 +
                                         22  6 16   673.54997 89.2  1108.33030 +
 Searching  22  5 17 near   1140.42308
+21  4 17   773.28992 76.8  1140.39015   22  6 17   705.83322 80.4  1140.38973 +
                                         23  6 17   672.71292 80.5  1140.38959 +

 Searching  23  5 18 near   1174.11718
-22  4 18   774.38953 34.1  1174.06170   23  6 18   706.74829 88.7  1174.05758 +
                                         24  6 18   671.95621 88.5  1174.05856 +-
 Searching  24  5 19 near   1209.43768
+23  4 19   775.61411 79.4  1209.33955   24  6 19   707.82219 84.6  1209.33944 -
                                         25  6 19   671.25664 76.2  1209.33877 +
					 New
					