0.084,0.076,0.065,0.051,0.033,0.012,1.0
0.576,0.565,0.551,0.533,0.512,0.488,1.0
0.565,0.551,0.533,0.512,0.488,0.462,1.0
0.551,0.533,0.512,0.488,0.462,0.434,1.0
3.533,3.512,3.488,3.462,3.434,3.406,1.0
3.512,3.488,3.462,3.434,3.406,3.377,1.0
3.488,3.462,3.434,3.406,3.377,3.348,1.0
3.462,3.434,3.406,3.377,3.348,3.32,1.0
3.434,3.406,3.377,3.348,3.32,3.294,1.0
3.406,3.377,3.348,3.32,3.294,3.268,1.0
3.377,3.348,3.32,3.294,3.268,3.244,1.0
3.348,3.32,3.294,3.268,3.244,3.222,1.0
3.32,3.294,3.268,3.244,3.222,3.201,1.0
3.294,3.268,3.244,3.222,3.201,3.178,1.0
3.268,3.244,3.222,3.201,3.178,3.162,1.0
3.244,3.222,3.201,3.178,3.162,3.146,1.0
3.222,3.201,3.178,3.162,3.146,3.127,1.0
3.201,3.178,3.162,3.146,3.127,3.111,1.0
0.033,0.012,-0.012,-0.038,-0.066,-0.094,1.0
0.012,-0.012,-0.038,-0.066,-0.094,-0.123,1.0
-0.012,-0.038,-0.066,-0.094,-0.123,-0.152,1.0
-0.038,-0.066,-0.094,-0.123,-0.152,-0.18,1.0
-0.066,-0.094,-0.123,-0.152,-0.18,-0.206,1.0
-0.094,-0.123,-0.152,-0.18,-0.206,-0.232,1.0
-0.123,-0.152,-0.18,-0.206,-0.232,-0.256,1.0
-0.152,-0.18,-0.206,-0.232,-0.256,-0.278,1.0
-0.18,-0.206,-0.232,-0.256,-0.278,-0.299,1.0
-0.206,-0.232,-0.256,-0.278,-0.299,-0.322,1.0
-0.232,-0.256,-0.278,-0.299,-0.322,-0.338,1.0
-0.256,-0.278,-0.299,-0.322,-0.338,-0.354,1.0
-0.278,-0.299,-0.322,-0.338,-0.354,-0.373,1.0
-0.299,-0.322,-0.338,-0.354,-0.373,-0.389,1.0
-0.084,-0.076,-0.065,-0.051,-0.033,-0.012,1.0
-0.576,-0.565,-0.551,-0.533,-0.512,-0.488,1.0
-0.565,-0.551,-0.533,-0.512,-0.488,-0.462,1.0
-0.551,-0.533,-0.512,-0.488,-0.462,-0.434,1.0
-3.533,-3.512,-3.488,-3.462,-3.434,-3.406,1.0
-3.512,-3.488,-3.462,-3.434,-3.406,-3.377,1.0
-3.488,-3.462,-3.434,-3.406,-3.377,-3.348,1.0
-3.462,-3.434,-3.406,-3.377,-3.348,-3.32,1.0
-3.434,-3.406,-3.377,-3.348,-3.32,-3.294,1.0
-3.406,-3.377,-3.348,-3.32,-3.294,-3.268,1.0
-3.377,-3.348,-3.32,-3.294,-3.268,-3.244,1.0
-3.348,-3.32,-3.294,-3.268,-3.244,-3.222,1.0
-3.32,-3.294,-3.268,-3.244,-3.222,-3.201,1.0
-3.294,-3.268,-3.244,-3.222,-3.201,-3.178,1.0
-3.268,-3.244,-3.222,-3.201,-3.178,-3.162,1.0
-3.244,-3.222,-3.201,-3.178,-3.162,-3.146,1.0
-3.222,-3.201,-3.178,-3.162,-3.146,-3.127,1.0
-3.201,-3.178,-3.162,-3.146,-3.127,-3.111,1.0
-0.033,-0.012,0.012,0.038,0.066,0.094,1.0
-0.012,0.012,0.038,0.066,0.094,0.123,1.0
0.012,0.038,0.066,0.094,0.123,0.152,1.0
0.038,0.066,0.094,0.123,0.152,0.18,1.0
0.066,0.094,0.123,0.152,0.18,0.206,1.0
0.094,0.123,0.152,0.18,0.206,0.232,1.0
0.123,0.152,0.18,0.206,0.232,0.256,1.0
0.152,0.18,0.206,0.232,0.256,0.278,1.0
0.18,0.206,0.232,0.256,0.278,0.299,1.0
0.206,0.232,0.256,0.278,0.299,0.322,1.0
0.232,0.256,0.278,0.299,0.322,0.338,1.0
0.256,0.278,0.299,0.322,0.338,0.354,1.0
0.278,0.299,0.322,0.338,0.354,0.373,1.0
0.299,0.322,0.338,0.354,0.373,0.389,1.0
-0.012,-0.033,-0.051,-0.065,-0.076,-0.084,1.0
-0.488,-0.512,-0.533,-0.551,-0.565,-0.576,1.0
-0.462,-0.488,-0.512,-0.533,-0.551,-0.565,1.0
-0.434,-0.462,-0.488,-0.512,-0.533,-0.551,1.0
-3.406,-3.434,-3.462,-3.488,-3.512,-3.533,1.0
-3.377,-3.406,-3.434,-3.462,-3.488,-3.512,1.0
-3.348,-3.377,-3.406,-3.434,-3.462,-3.488,1.0
-3.32,-3.348,-3.377,-3.406,-3.434,-3.462,1.0
-3.294,-3.32,-3.348,-3.377,-3.406,-3.434,1.0
-3.268,-3.294,-3.32,-3.348,-3.377,-3.406,1.0
-3.244,-3.268,-3.294,-3.32,-3.348,-3.377,1.0
-3.222,-3.244,-3.268,-3.294,-3.32,-3.348,1.0
-3.201,-3.222,-3.244,-3.268,-3.294,-3.32,1.0
-3.178,-3.201,-3.222,-3.244,-3.268,-3.294,1.0
-3.162,-3.178,-3.201,-3.222,-3.244,-3.268,1.0
-3.146,-3.162,-3.178,-3.201,-3.222,-3.244,1.0
-3.127,-3.146,-3.162,-3.178,-3.201,-3.222,1.0
-3.111,-3.127,-3.146,-3.162,-3.178,-3.201,1.0
0.094,0.066,0.038,0.012,-0.012,-0.033,1.0
0.123,0.094,0.066,0.038,0.012,-0.012,1.0
0.152,0.123,0.094,0.066,0.038,0.012,1.0
0.18,0.152,0.123,0.094,0.066,0.038,1.0
0.206,0.18,0.152,0.123,0.094,0.066,1.0
0.232,0.206,0.18,0.152,0.123,0.094,1.0
0.256,0.232,0.206,0.18,0.152,0.123,1.0
0.278,0.256,0.232,0.206,0.18,0.152,1.0
0.299,0.278,0.256,0.232,0.206,0.18,1.0
0.322,0.299,0.278,0.256,0.232,0.206,1.0
0.338,0.322,0.299,0.278,0.256,0.232,1.0
0.354,0.338,0.322,0.299,0.278,0.256,1.0
0.373,0.354,0.338,0.322,0.299,0.278,1.0
0.389,0.373,0.354,0.338,0.322,0.299,1.0
0.084,0.086,0.065,0.051,0.033,0.012,0.0
0.084,0.082,0.065,0.051,0.033,0.012,0.0
0.576,0.578,0.551,0.533,0.512,0.488,0.0
0.576,0.574,0.551,0.533,0.512,0.488,0.0
0.565,0.567,0.533,0.512,0.488,0.462,0.0
0.565,0.563,0.533,0.512,0.488,0.462,0.0
0.551,0.553,0.512,0.488,0.462,0.434,0.0
0.551,0.549,0.512,0.488,0.462,0.434,0.0
3.533,3.535,3.488,3.462,3.434,3.406,0.0
3.533,3.531,3.488,3.462,3.434,3.406,0.0
3.512,3.514,3.462,3.434,3.406,3.377,0.0
3.512,3.51,3.462,3.434,3.406,3.377,0.0
3.488,3.49,3.434,3.406,3.377,3.348,0.0
3.488,3.486,3.434,3.406,3.377,3.348,0.0
3.462,3.464,3.406,3.377,3.348,3.32,0.0
3.462,3.46,3.406,3.377,3.348,3.32,0.0
3.434,3.436,3.377,3.348,3.32,3.294,0.0
3.434,3.432,3.377,3.348,3.32,3.294,0.0
3.406,3.408,3.348,3.32,3.294,3.268,0.0
3.406,3.404,3.348,3.32,3.294,3.268,0.0
3.377,3.379,3.32,3.294,3.268,3.244,0.0
3.377,3.375,3.32,3.294,3.268,3.244,0.0
3.348,3.35,3.294,3.268,3.244,3.222,0.0
3.348,3.346,3.294,3.268,3.244,3.222,0.0
3.32,3.322,3.268,3.244,3.222,3.201,0.0
3.32,3.318,3.268,3.244,3.222,3.201,0.0
3.294,3.296,3.244,3.222,3.201,3.178,0.0
3.294,3.292,3.244,3.222,3.201,3.178,0.0
3.268,3.27,3.222,3.201,3.178,3.162,0.0
3.268,3.266,3.222,3.201,3.178,3.162,0.0
3.244,3.246,3.201,3.178,3.162,3.146,0.0
3.244,3.242,3.201,3.178,3.162,3.146,0.0
3.222,3.224,3.178,3.162,3.146,3.127,0.0
3.222,3.22,3.178,3.162,3.146,3.127,0.0
3.201,3.203,3.162,3.146,3.127,3.111,0.0
3.201,3.199,3.162,3.146,3.127,3.111,0.0
0.033,0.035,-0.012,-0.038,-0.066,-0.094,0.0
0.033,0.031,-0.012,-0.038,-0.066,-0.094,0.0
0.012,0.014,-0.038,-0.066,-0.094,-0.123,0.0
0.012,0.01,-0.038,-0.066,-0.094,-0.123,0.0
-0.012,-0.01,-0.066,-0.094,-0.123,-0.152,0.0
-0.012,-0.014,-0.066,-0.094,-0.123,-0.152,0.0
-0.038,-0.036,-0.094,-0.123,-0.152,-0.18,0.0
-0.038,-0.04,-0.094,-0.123,-0.152,-0.18,0.0
-0.066,-0.064,-0.123,-0.152,-0.18,-0.206,0.0
-0.066,-0.068,-0.123,-0.152,-0.18,-0.206,0.0
-0.094,-0.092,-0.152,-0.18,-0.206,-0.232,0.0
-0.094,-0.096,-0.152,-0.18,-0.206,-0.232,0.0
-0.123,-0.121,-0.18,-0.206,-0.232,-0.256,0.0
-0.123,-0.125,-0.18,-0.206,-0.232,-0.256,0.0
-0.152,-0.15,-0.206,-0.232,-0.256,-0.278,0.0
-0.152,-0.154,-0.206,-0.232,-0.256,-0.278,0.0
-0.18,-0.178,-0.232,-0.256,-0.278,-0.299,0.0
-0.18,-0.182,-0.232,-0.256,-0.278,-0.299,0.0
-0.206,-0.204,-0.256,-0.278,-0.299,-0.322,0.0
-0.206,-0.208,-0.256,-0.278,-0.299,-0.322,0.0
-0.232,-0.23,-0.278,-0.299,-0.322,-0.338,0.0
-0.232,-0.234,-0.278,-0.299,-0.322,-0.338,0.0
-0.256,-0.254,-0.299,-0.322,-0.338,-0.354,0.0
-0.256,-0.258,-0.299,-0.322,-0.338,-0.354,0.0
-0.278,-0.276,-0.322,-0.338,-0.354,-0.373,0.0
-0.278,-0.28,-0.322,-0.338,-0.354,-0.373,0.0
-0.299,-0.297,-0.338,-0.354,-0.373,-0.389,0.0
-0.299,-0.301,-0.338,-0.354,-0.373,-0.389,0.0
-0.084,-0.082,-0.065,-0.051,-0.033,-0.012,0.0
-0.084,-0.086,-0.065,-0.051,-0.033,-0.012,0.0
-0.576,-0.574,-0.551,-0.533,-0.512,-0.488,0.0
-0.576,-0.578,-0.551,-0.533,-0.512,-0.488,0.0
-0.565,-0.563,-0.533,-0.512,-0.488,-0.462,0.0
-0.565,-0.567,-0.533,-0.512,-0.488,-0.462,0.0
-0.551,-0.549,-0.512,-0.488,-0.462,-0.434,0.0
-0.551,-0.553,-0.512,-0.488,-0.462,-0.434,0.0
-3.533,-3.531,-3.488,-3.462,-3.434,-3.406,0.0
-3.533,-3.535,-3.488,-3.462,-3.434,-3.406,0.0
-3.512,-3.51,-3.462,-3.434,-3.406,-3.377,0.0
-3.512,-3.514,-3.462,-3.434,-3.406,-3.377,0.0
-3.488,-3.486,-3.434,-3.406,-3.377,-3.348,0.0
-3.488,-3.49,-3.434,-3.406,-3.377,-3.348,0.0
-3.462,-3.46,-3.406,-3.377,-3.348,-3.32,0.0
-3.462,-3.464,-3.406,-3.377,-3.348,-3.32,0.0
-3.434,-3.432,-3.377,-3.348,-3.32,-3.294,0.0
-3.434,-3.436,-3.377,-3.348,-3.32,-3.294,0.0
-3.406,-3.404,-3.348,-3.32,-3.294,-3.268,0.0
-3.406,-3.408,-3.348,-3.32,-3.294,-3.268,0.0
-3.377,-3.375,-3.32,-3.294,-3.268,-3.244,0.0
-3.377,-3.379,-3.32,-3.294,-3.268,-3.244,0.0
-3.348,-3.346,-3.294,-3.268,-3.244,-3.222,0.0
-3.348,-3.35,-3.294,-3.268,-3.244,-3.222,0.0
-3.32,-3.318,-3.268,-3.244,-3.222,-3.201,0.0
-3.32,-3.322,-3.268,-3.244,-3.222,-3.201,0.0
-3.294,-3.292,-3.244,-3.222,-3.201,-3.178,0.0
-3.294,-3.296,-3.244,-3.222,-3.201,-3.178,0.0
-3.268,-3.266,-3.222,-3.201,-3.178,-3.162,0.0
-3.268,-3.27,-3.222,-3.201,-3.178,-3.162,0.0
-3.244,-3.242,-3.201,-3.178,-3.162,-3.146,0.0
-3.244,-3.246,-3.201,-3.178,-3.162,-3.146,0.0
-3.222,-3.22,-3.178,-3.162,-3.146,-3.127,0.0
-3.222,-3.224,-3.178,-3.162,-3.146,-3.127,0.0
-3.201,-3.199,-3.162,-3.146,-3.127,-3.111,0.0
-3.201,-3.203,-3.162,-3.146,-3.127,-3.111,0.0
-0.033,-0.031,0.012,0.038,0.066,0.094,0.0
-0.033,-0.035,0.012,0.038,0.066,0.094,0.0
-0.012,-0.01,0.038,0.066,0.094,0.123,0.0
-0.012,-0.014,0.038,0.066,0.094,0.123,0.0
0.012,0.014,0.066,0.094,0.123,0.152,0.0
0.012,0.01,0.066,0.094,0.123,0.152,0.0
0.038,0.04,0.094,0.123,0.152,0.18,0.0
0.038,0.036,0.094,0.123,0.152,0.18,0.0
0.066,0.068,0.123,0.152,0.18,0.206,0.0
0.066,0.064,0.123,0.152,0.18,0.206,0.0
0.094,0.096,0.152,0.18,0.206,0.232,0.0
0.094,0.092,0.152,0.18,0.206,0.232,0.0
0.123,0.125,0.18,0.206,0.232,0.256,0.0
0.123,0.121,0.18,0.206,0.232,0.256,0.0
0.152,0.154,0.206,0.232,0.256,0.278,0.0
0.152,0.15,0.206,0.232,0.256,0.278,0.0
0.18,0.182,0.232,0.256,0.278,0.299,0.0
0.18,0.178,0.232,0.256,0.278,0.299,0.0
0.206,0.208,0.256,0.278,0.299,0.322,0.0
0.206,0.204,0.256,0.278,0.299,0.322,0.0
0.232,0.234,0.278,0.299,0.322,0.338,0.0
0.232,0.23,0.278,0.299,0.322,0.338,0.0
0.256,0.258,0.299,0.322,0.338,0.354,0.0
0.256,0.254,0.299,0.322,0.338,0.354,0.0
0.278,0.28,0.322,0.338,0.354,0.373,0.0
0.278,0.276,0.322,0.338,0.354,0.373,0.0
0.299,0.301,0.338,0.354,0.373,0.389,0.0
0.299,0.297,0.338,0.354,0.373,0.389,0.0
-0.012,-0.01,-0.051,-0.065,-0.076,-0.084,0.0
-0.012,-0.014,-0.051,-0.065,-0.076,-0.084,0.0
-0.488,-0.486,-0.533,-0.551,-0.565,-0.576,0.0
-0.488,-0.49,-0.533,-0.551,-0.565,-0.576,0.0
-0.462,-0.46,-0.512,-0.533,-0.551,-0.565,0.0
-0.462,-0.464,-0.512,-0.533,-0.551,-0.565,0.0
-0.434,-0.432,-0.488,-0.512,-0.533,-0.551,0.0
-0.434,-0.436,-0.488,-0.512,-0.533,-0.551,0.0
-3.406,-3.404,-3.462,-3.488,-3.512,-3.533,0.0
-3.406,-3.408,-3.462,-3.488,-3.512,-3.533,0.0
-3.377,-3.375,-3.434,-3.462,-3.488,-3.512,0.0
-3.377,-3.379,-3.434,-3.462,-3.488,-3.512,0.0
-3.348,-3.346,-3.406,-3.434,-3.462,-3.488,0.0
-3.348,-3.35,-3.406,-3.434,-3.462,-3.488,0.0
-3.32,-3.318,-3.377,-3.406,-3.434,-3.462,0.0
-3.32,-3.322,-3.377,-3.406,-3.434,-3.462,0.0
-3.294,-3.292,-3.348,-3.377,-3.406,-3.434,0.0
-3.294,-3.296,-3.348,-3.377,-3.406,-3.434,0.0
-3.268,-3.266,-3.32,-3.348,-3.377,-3.406,0.0
-3.268,-3.27,-3.32,-3.348,-3.377,-3.406,0.0
-3.244,-3.242,-3.294,-3.32,-3.348,-3.377,0.0
-3.244,-3.246,-3.294,-3.32,-3.348,-3.377,0.0
-3.222,-3.22,-3.268,-3.294,-3.32,-3.348,0.0
-3.222,-3.224,-3.268,-3.294,-3.32,-3.348,0.0
-3.201,-3.199,-3.244,-3.268,-3.294,-3.32,0.0
-3.201,-3.203,-3.244,-3.268,-3.294,-3.32,0.0
-3.178,-3.176,-3.222,-3.244,-3.268,-3.294,0.0
-3.178,-3.18,-3.222,-3.244,-3.268,-3.294,0.0
-3.162,-3.16,-3.201,-3.222,-3.244,-3.268,0.0
-3.162,-3.164,-3.201,-3.222,-3.244,-3.268,0.0
-3.146,-3.144,-3.178,-3.201,-3.222,-3.244,0.0
-3.146,-3.148,-3.178,-3.201,-3.222,-3.244,0.0
-3.127,-3.125,-3.162,-3.178,-3.201,-3.222,0.0
-3.127,-3.129,-3.162,-3.178,-3.201,-3.222,0.0
-3.111,-3.109,-3.146,-3.162,-3.178,-3.201,0.0
-3.111,-3.113,-3.146,-3.162,-3.178,-3.201,0.0
0.094,0.096,0.038,0.012,-0.012,-0.033,0.0
0.094,0.092,0.038,0.012,-0.012,-0.033,0.0
0.123,0.125,0.066,0.038,0.012,-0.012,0.0
0.123,0.121,0.066,0.038,0.012,-0.012,0.0
0.152,0.154,0.094,0.066,0.038,0.012,0.0
0.152,0.15,0.094,0.066,0.038,0.012,0.0
0.18,0.182,0.123,0.094,0.066,0.038,0.0
0.18,0.178,0.123,0.094,0.066,0.038,0.0
0.206,0.208,0.152,0.123,0.094,0.066,0.0
0.206,0.204,0.152,0.123,0.094,0.066,0.0
0.232,0.234,0.18,0.152,0.123,0.094,0.0
0.232,0.23,0.18,0.152,0.123,0.094,0.0
0.256,0.258,0.206,0.18,0.152,0.123,0.0
0.256,0.254,0.206,0.18,0.152,0.123,0.0
0.278,0.28,0.232,0.206,0.18,0.152,0.0
0.278,0.276,0.232,0.206,0.18,0.152,0.0
0.299,0.301,0.256,0.232,0.206,0.18,0.0
0.299,0.297,0.256,0.232,0.206,0.18,0.0
0.322,0.324,0.278,0.256,0.232,0.206,0.0
0.322,0.32,0.278,0.256,0.232,0.206,0.0
0.338,0.34,0.299,0.278,0.256,0.232,0.0
0.338,0.336,0.299,0.278,0.256,0.232,0.0
0.354,0.356,0.322,0.299,0.278,0.256,0.0
0.354,0.352,0.322,0.299,0.278,0.256,0.0
0.373,0.375,0.338,0.322,0.299,0.278,0.0
0.373,0.371,0.338,0.322,0.299,0.278,0.0
0.389,0.391,0.354,0.338,0.322,0.299,0.0
0.389,0.387,0.354,0.338,0.322,0.299,0.0
0.084,0.076,0.078,0.051,0.033,0.012,0.0
0.084,0.076,0.074,0.051,0.033,0.012,0.0
0.576,0.565,0.567,0.533,0.512,0.488,0.0
0.576,0.565,0.563,0.533,0.512,0.488,0.0
0.565,0.551,0.553,0.512,0.488,0.462,0.0
0.565,0.551,0.549,0.512,0.488,0.462,0.0
0.551,0.533,0.535,0.488,0.462,0.434,0.0
0.551,0.533,0.531,0.488,0.462,0.434,0.0
3.533,3.512,3.514,3.462,3.434,3.406,0.0
3.533,3.512,3.51,3.462,3.434,3.406,0.0
3.512,3.488,3.49,3.434,3.406,3.377,0.0
3.512,3.488,3.486,3.434,3.406,3.377,0.0
3.488,3.462,3.464,3.406,3.377,3.348,0.0
3.488,3.462,3.46,3.406,3.377,3.348,0.0
3.462,3.434,3.436,3.377,3.348,3.32,0.0
3.462,3.434,3.432,3.377,3.348,3.32,0.0
3.434,3.406,3.408,3.348,3.32,3.294,0.0
3.434,3.406,3.404,3.348,3.32,3.294,0.0
3.406,3.377,3.379,3.32,3.294,3.268,0.0
3.406,3.377,3.375,3.32,3.294,3.268,0.0
3.377,3.348,3.35,3.294,3.268,3.244,0.0
3.377,3.348,3.346,3.294,3.268,3.244,0.0
3.348,3.32,3.322,3.268,3.244,3.222,0.0
3.348,3.32,3.318,3.268,3.244,3.222,0.0
3.32,3.294,3.296,3.244,3.222,3.201,0.0
3.32,3.294,3.292,3.244,3.222,3.201,0.0
3.294,3.268,3.27,3.222,3.201,3.178,0.0
3.294,3.268,3.266,3.222,3.201,3.178,0.0
3.268,3.244,3.246,3.201,3.178,3.162,0.0
3.268,3.244,3.242,3.201,3.178,3.162,0.0
3.244,3.222,3.224,3.178,3.162,3.146,0.0
3.244,3.222,3.22,3.178,3.162,3.146,0.0
3.222,3.201,3.203,3.162,3.146,3.127,0.0
3.222,3.201,3.199,3.162,3.146,3.127,0.0
3.201,3.178,3.18,3.146,3.127,3.111,0.0
3.201,3.178,3.176,3.146,3.127,3.111,0.0
0.033,0.012,0.014,-0.038,-0.066,-0.094,0.0
0.033,0.012,0.01,-0.038,-0.066,-0.094,0.0
0.012,-0.012,-0.01,-0.066,-0.094,-0.123,0.0
0.012,-0.012,-0.014,-0.066,-0.094,-0.123,0.0
-0.012,-0.038,-0.036,-0.094,-0.123,-0.152,0.0
-0.012,-0.038,-0.04,-0.094,-0.123,-0.152,0.0
-0.038,-0.066,-0.064,-0.123,-0.152,-0.18,0.0
-0.038,-0.066,-0.068,-0.123,-0.152,-0.18,0.0
-0.066,-0.094,-0.092,-0.152,-0.18,-0.206,0.0
-0.066,-0.094,-0.096,-0.152,-0.18,-0.206,0.0
-0.094,-0.123,-0.121,-0.18,-0.206,-0.232,0.0
-0.094,-0.123,-0.125,-0.18,-0.206,-0.232,0.0
-0.123,-0.152,-0.15,-0.206,-0.232,-0.256,0.0
-0.123,-0.152,-0.154,-0.206,-0.232,-0.256,0.0
-0.152,-0.18,-0.178,-0.232,-0.256,-0.278,0.0
-0.152,-0.18,-0.182,-0.232,-0.256,-0.278,0.0
-0.18,-0.206,-0.204,-0.256,-0.278,-0.299,0.0
-0.18,-0.206,-0.208,-0.256,-0.278,-0.299,0.0
-0.206,-0.232,-0.23,-0.278,-0.299,-0.322,0.0
-0.206,-0.232,-0.234,-0.278,-0.299,-0.322,0.0
-0.232,-0.256,-0.254,-0.299,-0.322,-0.338,0.0
-0.232,-0.256,-0.258,-0.299,-0.322,-0.338,0.0
-0.256,-0.278,-0.276,-0.322,-0.338,-0.354,0.0
-0.256,-0.278,-0.28,-0.322,-0.338,-0.354,0.0
-0.278,-0.299,-0.297,-0.338,-0.354,-0.373,0.0
-0.278,-0.299,-0.301,-0.338,-0.354,-0.373,0.0
-0.299,-0.322,-0.32,-0.354,-0.373,-0.389,0.0
-0.299,-0.322,-0.324,-0.354,-0.373,-0.389,0.0
-0.084,-0.076,-0.074,-0.051,-0.033,-0.012,0.0
-0.084,-0.076,-0.078,-0.051,-0.033,-0.012,0.0
-0.576,-0.565,-0.563,-0.533,-0.512,-0.488,0.0
-0.576,-0.565,-0.567,-0.533,-0.512,-0.488,0.0
-0.565,-0.551,-0.549,-0.512,-0.488,-0.462,0.0
-0.565,-0.551,-0.553,-0.512,-0.488,-0.462,0.0
-0.551,-0.533,-0.531,-0.488,-0.462,-0.434,0.0
-0.551,-0.533,-0.535,-0.488,-0.462,-0.434,0.0
-3.533,-3.512,-3.51,-3.462,-3.434,-3.406,0.0
-3.533,-3.512,-3.514,-3.462,-3.434,-3.406,0.0
-3.512,-3.488,-3.486,-3.434,-3.406,-3.377,0.0
-3.512,-3.488,-3.49,-3.434,-3.406,-3.377,0.0
-3.488,-3.462,-3.46,-3.406,-3.377,-3.348,0.0
-3.488,-3.462,-3.464,-3.406,-3.377,-3.348,0.0
-3.462,-3.434,-3.432,-3.377,-3.348,-3.32,0.0
-3.462,-3.434,-3.436,-3.377,-3.348,-3.32,0.0
-3.434,-3.406,-3.404,-3.348,-3.32,-3.294,0.0
-3.434,-3.406,-3.408,-3.348,-3.32,-3.294,0.0
-3.406,-3.377,-3.375,-3.32,-3.294,-3.268,0.0
-3.406,-3.377,-3.379,-3.32,-3.294,-3.268,0.0
-3.377,-3.348,-3.346,-3.294,-3.268,-3.244,0.0
-3.377,-3.348,-3.35,-3.294,-3.268,-3.244,0.0
-3.348,-3.32,-3.318,-3.268,-3.244,-3.222,0.0
-3.348,-3.32,-3.322,-3.268,-3.244,-3.222,0.0
-3.32,-3.294,-3.292,-3.244,-3.222,-3.201,0.0
-3.32,-3.294,-3.296,-3.244,-3.222,-3.201,0.0
-3.294,-3.268,-3.266,-3.222,-3.201,-3.178,0.0
-3.294,-3.268,-3.27,-3.222,-3.201,-3.178,0.0
-3.268,-3.244,-3.242,-3.201,-3.178,-3.162,0.0
-3.268,-3.244,-3.246,-3.201,-3.178,-3.162,0.0
-3.244,-3.222,-3.22,-3.178,-3.162,-3.146,0.0
-3.244,-3.222,-3.224,-3.178,-3.162,-3.146,0.0
-3.222,-3.201,-3.199,-3.162,-3.146,-3.127,0.0
-3.222,-3.201,-3.203,-3.162,-3.146,-3.127,0.0
-3.201,-3.178,-3.176,-3.146,-3.127,-3.111,0.0
-3.201,-3.178,-3.18,-3.146,-3.127,-3.111,0.0
-0.033,-0.012,-0.01,0.038,0.066,0.094,0.0
-0.033,-0.012,-0.014,0.038,0.066,0.094,0.0
-0.012,0.012,0.014,0.066,0.094,0.123,0.0
-0.012,0.012,0.01,0.066,0.094,0.123,0.0
0.012,0.038,0.04,0.094,0.123,0.152,0.0
0.012,0.038,0.036,0.094,0.123,0.152,0.0
0.038,0.066,0.068,0.123,0.152,0.18,0.0
0.038,0.066,0.064,0.123,0.152,0.18,0.0
0.066,0.094,0.096,0.152,0.18,0.206,0.0
0.066,0.094,0.092,0.152,0.18,0.206,0.0
0.094,0.123,0.125,0.18,0.206,0.232,0.0
0.094,0.123,0.121,0.18,0.206,0.232,0.0
0.123,0.152,0.154,0.206,0.232,0.256,0.0
0.123,0.152,0.15,0.206,0.232,0.256,0.0
0.152,0.18,0.182,0.232,0.256,0.278,0.0
0.152,0.18,0.178,0.232,0.256,0.278,0.0
0.18,0.206,0.208,0.256,0.278,0.299,0.0
0.18,0.206,0.204,0.256,0.278,0.299,0.0
0.206,0.232,0.234,0.278,0.299,0.322,0.0
0.206,0.232,0.23,0.278,0.299,0.322,0.0
0.232,0.256,0.258,0.299,0.322,0.338,0.0
0.232,0.256,0.254,0.299,0.322,0.338,0.0
0.256,0.278,0.28,0.322,0.338,0.354,0.0
0.256,0.278,0.276,0.322,0.338,0.354,0.0
0.278,0.299,0.301,0.338,0.354,0.373,0.0
0.278,0.299,0.297,0.338,0.354,0.373,0.0
0.299,0.322,0.324,0.354,0.373,0.389,0.0
0.299,0.322,0.32,0.354,0.373,0.389,0.0
-0.012,-0.033,-0.031,-0.065,-0.076,-0.084,0.0
-0.012,-0.033,-0.035,-0.065,-0.076,-0.084,0.0
-0.488,-0.512,-0.51,-0.551,-0.565,-0.576,0.0
-0.488,-0.512,-0.514,-0.551,-0.565,-0.576,0.0
-0.462,-0.488,-0.486,-0.533,-0.551,-0.565,0.0
-0.462,-0.488,-0.49,-0.533,-0.551,-0.565,0.0
-0.434,-0.462,-0.46,-0.512,-0.533,-0.551,0.0
-0.434,-0.462,-0.464,-0.512,-0.533,-0.551,0.0
-3.406,-3.434,-3.432,-3.488,-3.512,-3.533,0.0
-3.406,-3.434,-3.436,-3.488,-3.512,-3.533,0.0
-3.377,-3.406,-3.404,-3.462,-3.488,-3.512,0.0
-3.377,-3.406,-3.408,-3.462,-3.488,-3.512,0.0
-3.348,-3.377,-3.375,-3.434,-3.462,-3.488,0.0
-3.348,-3.377,-3.379,-3.434,-3.462,-3.488,0.0
-3.32,-3.348,-3.346,-3.406,-3.434,-3.462,0.0
-3.32,-3.348,-3.35,-3.406,-3.434,-3.462,0.0
-3.294,-3.32,-3.318,-3.377,-3.406,-3.434,0.0
-3.294,-3.32,-3.322,-3.377,-3.406,-3.434,0.0
-3.268,-3.294,-3.292,-3.348,-3.377,-3.406,0.0
-3.268,-3.294,-3.296,-3.348,-3.377,-3.406,0.0
-3.244,-3.268,-3.266,-3.32,-3.348,-3.377,0.0
-3.244,-3.268,-3.27,-3.32,-3.348,-3.377,0.0
-3.222,-3.244,-3.242,-3.294,-3.32,-3.348,0.0
-3.222,-3.244,-3.246,-3.294,-3.32,-3.348,0.0
-3.201,-3.222,-3.22,-3.268,-3.294,-3.32,0.0
-3.201,-3.222,-3.224,-3.268,-3.294,-3.32,0.0
-3.178,-3.201,-3.199,-3.244,-3.268,-3.294,0.0
-3.178,-3.201,-3.203,-3.244,-3.268,-3.294,0.0
-3.162,-3.178,-3.176,-3.222,-3.244,-3.268,0.0
-3.162,-3.178,-3.18,-3.222,-3.244,-3.268,0.0
-3.146,-3.162,-3.16,-3.201,-3.222,-3.244,0.0
-3.146,-3.162,-3.164,-3.201,-3.222,-3.244,0.0
-3.127,-3.146,-3.144,-3.178,-3.201,-3.222,0.0
-3.127,-3.146,-3.148,-3.178,-3.201,-3.222,0.0
-3.111,-3.127,-3.125,-3.162,-3.178,-3.201,0.0
-3.111,-3.127,-3.129,-3.162,-3.178,-3.201,0.0
0.094,0.066,0.068,0.012,-0.012,-0.033,0.0
0.094,0.066,0.064,0.012,-0.012,-0.033,0.0
0.123,0.094,0.096,0.038,0.012,-0.012,0.0
0.123,0.094,0.092,0.038,0.012,-0.012,0.0
0.152,0.123,0.125,0.066,0.038,0.012,0.0
0.152,0.123,0.121,0.066,0.038,0.012,0.0
0.18,0.152,0.154,0.094,0.066,0.038,0.0
0.18,0.152,0.15,0.094,0.066,0.038,0.0
0.206,0.18,0.182,0.123,0.094,0.066,0.0
0.206,0.18,0.178,0.123,0.094,0.066,0.0
0.232,0.206,0.208,0.152,0.123,0.094,0.0
0.232,0.206,0.204,0.152,0.123,0.094,0.0
0.256,0.232,0.234,0.18,0.152,0.123,0.0
0.256,0.232,0.23,0.18,0.152,0.123,0.0
0.278,0.256,0.258,0.206,0.18,0.152,0.0
0.278,0.256,0.254,0.206,0.18,0.152,0.0
0.299,0.278,0.28,0.232,0.206,0.18,0.0
0.299,0.278,0.276,0.232,0.206,0.18,0.0
0.322,0.299,0.301,0.256,0.232,0.206,0.0
0.322,0.299,0.297,0.256,0.232,0.206,0.0
0.338,0.322,0.324,0.278,0.256,0.232,0.0
0.338,0.322,0.32,0.278,0.256,0.232,0.0
0.354,0.338,0.34,0.299,0.278,0.256,0.0
0.354,0.338,0.336,0.299,0.278,0.256,0.0
0.373,0.354,0.356,0.322,0.299,0.278,0.0
0.373,0.354,0.352,0.322,0.299,0.278,0.0
0.389,0.373,0.375,0.338,0.322,0.299,0.0
0.389,0.373,0.371,0.338,0.322,0.299,0.0
0.084,0.076,0.065,0.067,0.033,0.012,0.0
0.084,0.076,0.065,0.063,0.033,0.012,0.0
0.576,0.565,0.551,0.553,0.512,0.488,0.0
0.576,0.565,0.551,0.549,0.512,0.488,0.0
0.565,0.551,0.533,0.535,0.488,0.462,0.0
0.565,0.551,0.533,0.531,0.488,0.462,0.0
0.551,0.533,0.512,0.514,0.462,0.434,0.0
0.551,0.533,0.512,0.51,0.462,0.434,0.0
3.533,3.512,3.488,3.49,3.434,3.406,0.0
3.533,3.512,3.488,3.486,3.434,3.406,0.0
3.512,3.488,3.462,3.464,3.406,3.377,0.0
3.512,3.488,3.462,3.46,3.406,3.377,0.0
3.488,3.462,3.434,3.436,3.377,3.348,0.0
3.488,3.462,3.434,3.432,3.377,3.348,0.0
3.462,3.434,3.406,3.408,3.348,3.32,0.0
3.462,3.434,3.406,3.404,3.348,3.32,0.0
3.434,3.406,3.377,3.379,3.32,3.294,0.0
3.434,3.406,3.377,3.375,3.32,3.294,0.0
3.406,3.377,3.348,3.35,3.294,3.268,0.0
3.406,3.377,3.348,3.346,3.294,3.268,0.0
3.377,3.348,3.32,3.322,3.268,3.244,0.0
3.377,3.348,3.32,3.318,3.268,3.244,0.0
3.348,3.32,3.294,3.296,3.244,3.222,0.0
3.348,3.32,3.294,3.292,3.244,3.222,0.0
3.32,3.294,3.268,3.27,3.222,3.201,0.0
3.32,3.294,3.268,3.266,3.222,3.201,0.0
3.294,3.268,3.244,3.246,3.201,3.178,0.0
3.294,3.268,3.244,3.242,3.201,3.178,0.0
3.268,3.244,3.222,3.224,3.178,3.162,0.0
3.268,3.244,3.222,3.22,3.178,3.162,0.0
3.244,3.222,3.201,3.203,3.162,3.146,0.0
3.244,3.222,3.201,3.199,3.162,3.146,0.0
3.222,3.201,3.178,3.18,3.146,3.127,0.0
3.222,3.201,3.178,3.176,3.146,3.127,0.0
3.201,3.178,3.162,3.164,3.127,3.111,0.0
3.201,3.178,3.162,3.16,3.127,3.111,0.0
0.033,0.012,-0.012,-0.01,-0.066,-0.094,0.0
0.033,0.012,-0.012,-0.014,-0.066,-0.094,0.0
0.012,-0.012,-0.038,-0.036,-0.094,-0.123,0.0
0.012,-0.012,-0.038,-0.04,-0.094,-0.123,0.0
-0.012,-0.038,-0.066,-0.064,-0.123,-0.152,0.0
-0.012,-0.038,-0.066,-0.068,-0.123,-0.152,0.0
-0.038,-0.066,-0.094,-0.092,-0.152,-0.18,0.0
-0.038,-0.066,-0.094,-0.096,-0.152,-0.18,0.0
-0.066,-0.094,-0.123,-0.121,-0.18,-0.206,0.0
-0.066,-0.094,-0.123,-0.125,-0.18,-0.206,0.0
-0.094,-0.123,-0.152,-0.15,-0.206,-0.232,0.0
-0.094,-0.123,-0.152,-0.154,-0.206,-0.232,0.0
-0.123,-0.152,-0.18,-0.178,-0.232,-0.256,0.0
-0.123,-0.152,-0.18,-0.182,-0.232,-0.256,0.0
-0.152,-0.18,-0.206,-0.204,-0.256,-0.278,0.0
-0.152,-0.18,-0.206,-0.208,-0.256,-0.278,0.0
-0.18,-0.206,-0.232,-0.23,-0.278,-0.299,0.0
-0.18,-0.206,-0.232,-0.234,-0.278,-0.299,0.0
-0.206,-0.232,-0.256,-0.254,-0.299,-0.322,0.0
-0.206,-0.232,-0.256,-0.258,-0.299,-0.322,0.0
-0.232,-0.256,-0.278,-0.276,-0.322,-0.338,0.0
-0.232,-0.256,-0.278,-0.28,-0.322,-0.338,0.0
-0.256,-0.278,-0.299,-0.297,-0.338,-0.354,0.0
-0.256,-0.278,-0.299,-0.301,-0.338,-0.354,0.0
-0.278,-0.299,-0.322,-0.32,-0.354,-0.373,0.0
-0.278,-0.299,-0.322,-0.324,-0.354,-0.373,0.0
-0.299,-0.322,-0.338,-0.336,-0.373,-0.389,0.0
-0.299,-0.322,-0.338,-0.34,-0.373,-0.389,0.0
-0.084,-0.076,-0.065,-0.063,-0.033,-0.012,0.0
-0.084,-0.076,-0.065,-0.067,-0.033,-0.012,0.0
-0.576,-0.565,-0.551,-0.549,-0.512,-0.488,0.0
-0.576,-0.565,-0.551,-0.553,-0.512,-0.488,0.0
-0.565,-0.551,-0.533,-0.531,-0.488,-0.462,0.0
-0.565,-0.551,-0.533,-0.535,-0.488,-0.462,0.0
-0.551,-0.533,-0.512,-0.51,-0.462,-0.434,0.0
-0.551,-0.533,-0.512,-0.514,-0.462,-0.434,0.0
-3.533,-3.512,-3.488,-3.486,-3.434,-3.406,0.0
-3.533,-3.512,-3.488,-3.49,-3.434,-3.406,0.0
-3.512,-3.488,-3.462,-3.46,-3.406,-3.377,0.0
-3.512,-3.488,-3.462,-3.464,-3.406,-3.377,0.0
-3.488,-3.462,-3.434,-3.432,-3.377,-3.348,0.0
-3.488,-3.462,-3.434,-3.436,-3.377,-3.348,0.0
-3.462,-3.434,-3.406,-3.404,-3.348,-3.32,0.0
-3.462,-3.434,-3.406,-3.408,-3.348,-3.32,0.0
-3.434,-3.406,-3.377,-3.375,-3.32,-3.294,0.0
-3.434,-3.406,-3.377,-3.379,-3.32,-3.294,0.0
-3.406,-3.377,-3.348,-3.346,-3.294,-3.268,0.0
-3.406,-3.377,-3.348,-3.35,-3.294,-3.268,0.0
-3.377,-3.348,-3.32,-3.318,-3.268,-3.244,0.0
-3.377,-3.348,-3.32,-3.322,-3.268,-3.244,0.0
-3.348,-3.32,-3.294,-3.292,-3.244,-3.222,0.0
-3.348,-3.32,-3.294,-3.296,-3.244,-3.222,0.0
-3.32,-3.294,-3.268,-3.266,-3.222,-3.201,0.0
-3.32,-3.294,-3.268,-3.27,-3.222,-3.201,0.0
-3.294,-3.268,-3.244,-3.242,-3.201,-3.178,0.0
-3.294,-3.268,-3.244,-3.246,-3.201,-3.178,0.0
-3.268,-3.244,-3.222,-3.22,-3.178,-3.162,0.0
-3.268,-3.244,-3.222,-3.224,-3.178,-3.162,0.0
-3.244,-3.222,-3.201,-3.199,-3.162,-3.146,0.0
-3.244,-3.222,-3.201,-3.203,-3.162,-3.146,0.0
-3.222,-3.201,-3.178,-3.176,-3.146,-3.127,0.0
-3.222,-3.201,-3.178,-3.18,-3.146,-3.127,0.0
-3.201,-3.178,-3.162,-3.16,-3.127,-3.111,0.0
-3.201,-3.178,-3.162,-3.164,-3.127,-3.111,0.0
-0.033,-0.012,0.012,0.014,0.066,0.094,0.0
-0.033,-0.012,0.012,0.01,0.066,0.094,0.0
-0.012,0.012,0.038,0.04,0.094,0.123,0.0
-0.012,0.012,0.038,0.036,0.094,0.123,0.0
0.012,0.038,0.066,0.068,0.123,0.152,0.0
0.012,0.038,0.066,0.064,0.123,0.152,0.0
0.038,0.066,0.094,0.096,0.152,0.18,0.0
0.038,0.066,0.094,0.092,0.152,0.18,0.0
0.066,0.094,0.123,0.125,0.18,0.206,0.0
0.066,0.094,0.123,0.121,0.18,0.206,0.0
0.094,0.123,0.152,0.154,0.206,0.232,0.0
0.094,0.123,0.152,0.15,0.206,0.232,0.0
0.123,0.152,0.18,0.182,0.232,0.256,0.0
0.123,0.152,0.18,0.178,0.232,0.256,0.0
0.152,0.18,0.206,0.208,0.256,0.278,0.0
0.152,0.18,0.206,0.204,0.256,0.278,0.0
0.18,0.206,0.232,0.234,0.278,0.299,0.0
0.18,0.206,0.232,0.23,0.278,0.299,0.0
0.206,0.232,0.256,0.258,0.299,0.322,0.0
0.206,0.232,0.256,0.254,0.299,0.322,0.0
0.232,0.256,0.278,0.28,0.322,0.338,0.0
0.232,0.256,0.278,0.276,0.322,0.338,0.0
0.256,0.278,0.299,0.301,0.338,0.354,0.0
0.256,0.278,0.299,0.297,0.338,0.354,0.0
0.278,0.299,0.322,0.324,0.354,0.373,0.0
0.278,0.299,0.322,0.32,0.354,0.373,0.0
0.299,0.322,0.338,0.34,0.373,0.389,0.0
0.299,0.322,0.338,0.336,0.373,0.389,0.0
-0.012,-0.033,-0.051,-0.049,-0.076,-0.084,0.0
-0.012,-0.033,-0.051,-0.053,-0.076,-0.084,0.0
-0.488,-0.512,-0.533,-0.531,-0.565,-0.576,0.0
-0.488,-0.512,-0.533,-0.535,-0.565,-0.576,0.0
-0.462,-0.488,-0.512,-0.51,-0.551,-0.565,0.0
-0.462,-0.488,-0.512,-0.514,-0.551,-0.565,0.0
-0.434,-0.462,-0.488,-0.486,-0.533,-0.551,0.0
-0.434,-0.462,-0.488,-0.49,-0.533,-0.551,0.0
-3.406,-3.434,-3.462,-3.46,-3.512,-3.533,0.0
-3.406,-3.434,-3.462,-3.464,-3.512,-3.533,0.0
-3.377,-3.406,-3.434,-3.432,-3.488,-3.512,0.0
-3.377,-3.406,-3.434,-3.436,-3.488,-3.512,0.0
-3.348,-3.377,-3.406,-3.404,-3.462,-3.488,0.0
-3.348,-3.377,-3.406,-3.408,-3.462,-3.488,0.0
-3.32,-3.348,-3.377,-3.375,-3.434,-3.462,0.0
-3.32,-3.348,-3.377,-3.379,-3.434,-3.462,0.0
-3.294,-3.32,-3.348,-3.346,-3.406,-3.434,0.0
-3.294,-3.32,-3.348,-3.35,-3.406,-3.434,0.0
-3.268,-3.294,-3.32,-3.318,-3.377,-3.406,0.0
-3.268,-3.294,-3.32,-3.322,-3.377,-3.406,0.0
-3.244,-3.268,-3.294,-3.292,-3.348,-3.377,0.0
-3.244,-3.268,-3.294,-3.296,-3.348,-3.377,0.0
-3.222,-3.244,-3.268,-3.266,-3.32,-3.348,0.0
-3.222,-3.244,-3.268,-3.27,-3.32,-3.348,0.0
-3.201,-3.222,-3.244,-3.242,-3.294,-3.32,0.0
-3.201,-3.222,-3.244,-3.246,-3.294,-3.32,0.0
-3.178,-3.201,-3.222,-3.22,-3.268,-3.294,0.0
-3.178,-3.201,-3.222,-3.224,-3.268,-3.294,0.0
-3.162,-3.178,-3.201,-3.199,-3.244,-3.268,0.0
-3.162,-3.178,-3.201,-3.203,-3.244,-3.268,0.0
-3.146,-3.162,-3.178,-3.176,-3.222,-3.244,0.0
-3.146,-3.162,-3.178,-3.18,-3.222,-3.244,0.0
-3.127,-3.146,-3.162,-3.16,-3.201,-3.222,0.0
-3.127,-3.146,-3.162,-3.164,-3.201,-3.222,0.0
-3.111,-3.127,-3.146,-3.144,-3.178,-3.201,0.0
-3.111,-3.127,-3.146,-3.148,-3.178,-3.201,0.0
0.094,0.066,0.038,0.04,-0.012,-0.033,0.0
0.094,0.066,0.038,0.036,-0.012,-0.033,0.0
0.123,0.094,0.066,0.068,0.012,-0.012,0.0
0.123,0.094,0.066,0.064,0.012,-0.012,0.0
0.152,0.123,0.094,0.096,0.038,0.012,0.0
0.152,0.123,0.094,0.092,0.038,0.012,0.0
0.18,0.152,0.123,0.125,0.066,0.038,0.0
0.18,0.152,0.123,0.121,0.066,0.038,0.0
0.206,0.18,0.152,0.154,0.094,0.066,0.0
0.206,0.18,0.152,0.15,0.094,0.066,0.0
0.232,0.206,0.18,0.182,0.123,0.094,0.0
0.232,0.206,0.18,0.178,0.123,0.094,0.0
0.256,0.232,0.206,0.208,0.152,0.123,0.0
0.256,0.232,0.206,0.204,0.152,0.123,0.0
0.278,0.256,0.232,0.234,0.18,0.152,0.0
0.278,0.256,0.232,0.23,0.18,0.152,0.0
0.299,0.278,0.256,0.258,0.206,0.18,0.0
0.299,0.278,0.256,0.254,0.206,0.18,0.0
0.322,0.299,0.278,0.28,0.232,0.206,0.0
0.322,0.299,0.278,0.276,0.232,0.206,0.0
0.338,0.322,0.299,0.301,0.256,0.232,0.0
0.338,0.322,0.299,0.297,0.256,0.232,0.0
0.354,0.338,0.322,0.324,0.278,0.256,0.0
0.354,0.338,0.322,0.32,0.278,0.256,0.0
0.373,0.354,0.338,0.34,0.299,0.278,0.0
0.373,0.354,0.338,0.336,0.299,0.278,0.0
0.389,0.373,0.354,0.356,0.322,0.299,0.0
0.389,0.373,0.354,0.352,0.322,0.299,0.0
0.084,0.076,0.065,0.051,0.053,0.012,0.0
0.084,0.076,0.065,0.051,0.049,0.012,0.0
0.576,0.565,0.551,0.533,0.535,0.488,0.0
0.576,0.565,0.551,0.533,0.531,0.488,0.0
0.565,0.551,0.533,0.512,0.514,0.462,0.0
0.565,0.551,0.533,0.512,0.51,0.462,0.0
0.551,0.533,0.512,0.488,0.49,0.434,0.0
0.551,0.533,0.512,0.488,0.486,0.434,0.0
3.533,3.512,3.488,3.462,3.464,3.406,0.0
3.533,3.512,3.488,3.462,3.46,3.406,0.0
3.512,3.488,3.462,3.434,3.436,3.377,0.0
3.512,3.488,3.462,3.434,3.432,3.377,0.0
3.488,3.462,3.434,3.406,3.408,3.348,0.0
3.488,3.462,3.434,3.406,3.404,3.348,0.0
3.462,3.434,3.406,3.377,3.379,3.32,0.0
3.462,3.434,3.406,3.377,3.375,3.32,0.0
3.434,3.406,3.377,3.348,3.35,3.294,0.0
3.434,3.406,3.377,3.348,3.346,3.294,0.0
3.406,3.377,3.348,3.32,3.322,3.268,0.0
3.406,3.377,3.348,3.32,3.318,3.268,0.0
3.377,3.348,3.32,3.294,3.296,3.244,0.0
3.377,3.348,3.32,3.294,3.292,3.244,0.0
3.348,3.32,3.294,3.268,3.27,3.222,0.0
3.348,3.32,3.294,3.268,3.266,3.222,0.0
3.32,3.294,3.268,3.244,3.246,3.201,0.0
3.32,3.294,3.268,3.244,3.242,3.201,0.0
3.294,3.268,3.244,3.222,3.224,3.178,0.0
3.294,3.268,3.244,3.222,3.22,3.178,0.0
3.268,3.244,3.222,3.201,3.203,3.162,0.0
3.268,3.244,3.222,3.201,3.199,3.162,0.0
3.244,3.222,3.201,3.178,3.18,3.146,0.0
3.244,3.222,3.201,3.178,3.176,3.146,0.0
3.222,3.201,3.178,3.162,3.164,3.127,0.0
3.222,3.201,3.178,3.162,3.16,3.127,0.0
3.201,3.178,3.162,3.146,3.148,3.111,0.0
3.201,3.178,3.162,3.146,3.144,3.111,0.0
0.033,0.012,-0.012,-0.038,-0.036,-0.094,0.0
0.033,0.012,-0.012,-0.038,-0.04,-0.094,0.0
0.012,-0.012,-0.038,-0.066,-0.064,-0.123,0.0
0.012,-0.012,-0.038,-0.066,-0.068,-0.123,0.0
-0.012,-0.038,-0.066,-0.094,-0.092,-0.152,0.0
-0.012,-0.038,-0.066,-0.094,-0.096,-0.152,0.0
-0.038,-0.066,-0.094,-0.123,-0.121,-0.18,0.0
-0.038,-0.066,-0.094,-0.123,-0.125,-0.18,0.0
-0.066,-0.094,-0.123,-0.152,-0.15,-0.206,0.0
-0.066,-0.094,-0.123,-0.152,-0.154,-0.206,0.0
-0.094,-0.123,-0.152,-0.18,-0.178,-0.232,0.0
-0.094,-0.123,-0.152,-0.18,-0.182,-0.232,0.0
-0.123,-0.152,-0.18,-0.206,-0.204,-0.256,0.0
-0.123,-0.152,-0.18,-0.206,-0.208,-0.256,0.0
-0.152,-0.18,-0.206,-0.232,-0.23,-0.278,0.0
-0.152,-0.18,-0.206,-0.232,-0.234,-0.278,0.0
-0.18,-0.206,-0.232,-0.256,-0.254,-0.299,0.0
-0.18,-0.206,-0.232,-0.256,-0.258,-0.299,0.0
-0.206,-0.232,-0.256,-0.278,-0.276,-0.322,0.0
-0.206,-0.232,-0.256,-0.278,-0.28,-0.322,0.0
-0.232,-0.256,-0.278,-0.299,-0.297,-0.338,0.0
-0.232,-0.256,-0.278,-0.299,-0.301,-0.338,0.0
-0.256,-0.278,-0.299,-0.322,-0.32,-0.354,0.0
-0.256,-0.278,-0.299,-0.322,-0.324,-0.354,0.0
-0.278,-0.299,-0.322,-0.338,-0.336,-0.373,0.0
-0.278,-0.299,-0.322,-0.338,-0.34,-0.373,0.0
-0.299,-0.322,-0.338,-0.354,-0.352,-0.389,0.0
-0.299,-0.322,-0.338,-0.354,-0.356,-0.389,0.0
-0.084,-0.076,-0.065,-0.051,-0.049,-0.012,0.0
-0.084,-0.076,-0.065,-0.051,-0.053,-0.012,0.0
-0.576,-0.565,-0.551,-0.533,-0.531,-0.488,0.0
-0.576,-0.565,-0.551,-0.533,-0.535,-0.488,0.0
-0.565,-0.551,-0.533,-0.512,-0.51,-0.462,0.0
-0.565,-0.551,-0.533,-0.512,-0.514,-0.462,0.0
-0.551,-0.533,-0.512,-0.488,-0.486,-0.434,0.0
-0.551,-0.533,-0.512,-0.488,-0.49,-0.434,0.0
-3.533,-3.512,-3.488,-3.462,-3.46,-3.406,0.0
-3.533,-3.512,-3.488,-3.462,-3.464,-3.406,0.0
-3.512,-3.488,-3.462,-3.434,-3.432,-3.377,0.0
-3.512,-3.488,-3.462,-3.434,-3.436,-3.377,0.0
-3.488,-3.462,-3.434,-3.406,-3.404,-3.348,0.0
-3.488,-3.462,-3.434,-3.406,-3.408,-3.348,0.0
-3.462,-3.434,-3.406,-3.377,-3.375,-3.32,0.0
-3.462,-3.434,-3.406,-3.377,-3.379,-3.32,0.0
-3.434,-3.406,-3.377,-3.348,-3.346,-3.294,0.0
-3.434,-3.406,-3.377,-3.348,-3.35,-3.294,0.0
-3.406,-3.377,-3.348,-3.32,-3.318,-3.268,0.0
-3.406,-3.377,-3.348,-3.32,-3.322,-3.268,0.0
-3.377,-3.348,-3.32,-3.294,-3.292,-3.244,0.0
-3.377,-3.348,-3.32,-3.294,-3.296,-3.244,0.0
-3.348,-3.32,-3.294,-3.268,-3.266,-3.222,0.0
-3.348,-3.32,-3.294,-3.268,-3.27,-3.222,0.0
-3.32,-3.294,-3.268,-3.244,-3.242,-3.201,0.0
-3.32,-3.294,-3.268,-3.244,-3.246,-3.201,0.0
-3.294,-3.268,-3.244,-3.222,-3.22,-3.178,0.0
-3.294,-3.268,-3.244,-3.222,-3.224,-3.178,0.0
-3.268,-3.244,-3.222,-3.201,-3.199,-3.162,0.0
-3.268,-3.244,-3.222,-3.201,-3.203,-3.162,0.0
-3.244,-3.222,-3.201,-3.178,-3.176,-3.146,0.0
-3.244,-3.222,-3.201,-3.178,-3.18,-3.146,0.0
-3.222,-3.201,-3.178,-3.162,-3.16,-3.127,0.0
-3.222,-3.201,-3.178,-3.162,-3.164,-3.127,0.0
-3.201,-3.178,-3.162,-3.146,-3.144,-3.111,0.0
-3.201,-3.178,-3.162,-3.146,-3.148,-3.111,0.0
-0.033,-0.012,0.012,0.038,0.04,0.094,0.0
-0.033,-0.012,0.012,0.038,0.036,0.094,0.0
-0.012,0.012,0.038,0.066,0.068,0.123,0.0
-0.012,0.012,0.038,0.066,0.064,0.123,0.0
0.012,0.038,0.066,0.094,0.096,0.152,0.0
0.012,0.038,0.066,0.094,0.092,0.152,0.0
0.038,0.066,0.094,0.123,0.125,0.18,0.0
0.038,0.066,0.094,0.123,0.121,0.18,0.0
0.066,0.094,0.123,0.152,0.154,0.206,0.0
0.066,0.094,0.123,0.152,0.15,0.206,0.0
0.094,0.123,0.152,0.18,0.182,0.232,0.0
0.094,0.123,0.152,0.18,0.178,0.232,0.0
0.123,0.152,0.18,0.206,0.208,0.256,0.0
0.123,0.152,0.18,0.206,0.204,0.256,0.0
0.152,0.18,0.206,0.232,0.234,0.278,0.0
0.152,0.18,0.206,0.232,0.23,0.278,0.0
0.18,0.206,0.232,0.256,0.258,0.299,0.0
0.18,0.206,0.232,0.256,0.254,0.299,0.0
0.206,0.232,0.256,0.278,0.28,0.322,0.0
0.206,0.232,0.256,0.278,0.276,0.322,0.0
0.232,0.256,0.278,0.299,0.301,0.338,0.0
0.232,0.256,0.278,0.299,0.297,0.338,0.0
0.256,0.278,0.299,0.322,0.324,0.354,0.0
0.256,0.278,0.299,0.322,0.32,0.354,0.0
0.278,0.299,0.322,0.338,0.34,0.373,0.0
0.278,0.299,0.322,0.338,0.336,0.373,0.0
0.299,0.322,0.338,0.354,0.356,0.389,0.0
0.299,0.322,0.338,0.354,0.352,0.389,0.0
-0.012,-0.033,-0.051,-0.065,-0.063,-0.084,0.0
-0.012,-0.033,-0.051,-0.065,-0.067,-0.084,0.0
-0.488,-0.512,-0.533,-0.551,-0.549,-0.576,0.0
-0.488,-0.512,-0.533,-0.551,-0.553,-0.576,0.0
-0.462,-0.488,-0.512,-0.533,-0.531,-0.565,0.0
-0.462,-0.488,-0.512,-0.533,-0.535,-0.565,0.0
-0.434,-0.462,-0.488,-0.512,-0.51,-0.551,0.0
-0.434,-0.462,-0.488,-0.512,-0.514,-0.551,0.0
-3.406,-3.434,-3.462,-3.488,-3.486,-3.533,0.0
-3.406,-3.434,-3.462,-3.488,-3.49,-3.533,0.0
-3.377,-3.406,-3.434,-3.462,-3.46,-3.512,0.0
-3.377,-3.406,-3.434,-3.462,-3.464,-3.512,0.0
-3.348,-3.377,-3.406,-3.434,-3.432,-3.488,0.0
-3.348,-3.377,-3.406,-3.434,-3.436,-3.488,0.0
-3.32,-3.348,-3.377,-3.406,-3.404,-3.462,0.0
-3.32,-3.348,-3.377,-3.406,-3.408,-3.462,0.0
-3.294,-3.32,-3.348,-3.377,-3.375,-3.434,0.0
-3.294,-3.32,-3.348,-3.377,-3.379,-3.434,0.0
-3.268,-3.294,-3.32,-3.348,-3.346,-3.406,0.0
-3.268,-3.294,-3.32,-3.348,-3.35,-3.406,0.0
-3.244,-3.268,-3.294,-3.32,-3.318,-3.377,0.0
-3.244,-3.268,-3.294,-3.32,-3.322,-3.377,0.0
-3.222,-3.244,-3.268,-3.294,-3.292,-3.348,0.0
-3.222,-3.244,-3.268,-3.294,-3.296,-3.348,0.0
-3.201,-3.222,-3.244,-3.268,-3.266,-3.32,0.0
-3.201,-3.222,-3.244,-3.268,-3.27,-3.32,0.0
-3.178,-3.201,-3.222,-3.244,-3.242,-3.294,0.0
-3.178,-3.201,-3.222,-3.244,-3.246,-3.294,0.0
-3.162,-3.178,-3.201,-3.222,-3.22,-3.268,0.0
-3.162,-3.178,-3.201,-3.222,-3.224,-3.268,0.0
-3.146,-3.162,-3.178,-3.201,-3.199,-3.244,0.0
-3.146,-3.162,-3.178,-3.201,-3.203,-3.244,0.0
-3.127,-3.146,-3.162,-3.178,-3.176,-3.222,0.0
-3.127,-3.146,-3.162,-3.178,-3.18,-3.222,0.0
-3.111,-3.127,-3.146,-3.162,-3.16,-3.201,0.0
-3.111,-3.127,-3.146,-3.162,-3.164,-3.201,0.0
0.094,0.066,0.038,0.012,0.014,-0.033,0.0
0.094,0.066,0.038,0.012,0.01,-0.033,0.0
0.123,0.094,0.066,0.038,0.04,-0.012,0.0
0.123,0.094,0.066,0.038,0.036,-0.012,0.0
0.152,0.123,0.094,0.066,0.068,0.012,0.0
0.152,0.123,0.094,0.066,0.064,0.012,0.0
0.18,0.152,0.123,0.094,0.096,0.038,0.0
0.18,0.152,0.123,0.094,0.092,0.038,0.0
0.206,0.18,0.152,0.123,0.125,0.066,0.0
0.206,0.18,0.152,0.123,0.121,0.066,0.0
0.232,0.206,0.18,0.152,0.154,0.094,0.0
0.232,0.206,0.18,0.152,0.15,0.094,0.0
0.256,0.232,0.206,0.18,0.182,0.123,0.0
0.256,0.232,0.206,0.18,0.178,0.123,0.0
0.278,0.256,0.232,0.206,0.208,0.152,0.0
0.278,0.256,0.232,0.206,0.204,0.152,0.0
0.299,0.278,0.256,0.232,0.234,0.18,0.0
0.299,0.278,0.256,0.232,0.23,0.18,0.0
0.322,0.299,0.278,0.256,0.258,0.206,0.0
0.322,0.299,0.278,0.256,0.254,0.206,0.0
0.338,0.322,0.299,0.278,0.28,0.232,0.0
0.338,0.322,0.299,0.278,0.276,0.232,0.0
0.354,0.338,0.322,0.299,0.301,0.256,0.0
0.354,0.338,0.322,0.299,0.297,0.256,0.0
0.373,0.354,0.338,0.322,0.324,0.278,0.0
0.373,0.354,0.338,0.322,0.32,0.278,0.0
0.389,0.373,0.354,0.338,0.34,0.299,0.0
0.389,0.373,0.354,0.338,0.336,0.299,0.0
0.084,0.076,0.065,0.051,0.033,0.035,0.0
0.084,0.076,0.065,0.051,0.033,0.031,0.0
0.576,0.565,0.551,0.533,0.512,0.514,0.0
0.576,0.565,0.551,0.533,0.512,0.51,0.0
0.565,0.551,0.533,0.512,0.488,0.49,0.0
0.565,0.551,0.533,0.512,0.488,0.486,0.0
0.551,0.533,0.512,0.488,0.462,0.464,0.0
0.551,0.533,0.512,0.488,0.462,0.46,0.0
3.533,3.512,3.488,3.462,3.434,3.436,0.0
3.533,3.512,3.488,3.462,3.434,3.432,0.0
3.512,3.488,3.462,3.434,3.406,3.408,0.0
3.512,3.488,3.462,3.434,3.406,3.404,0.0
3.488,3.462,3.434,3.406,3.377,3.379,0.0
3.488,3.462,3.434,3.406,3.377,3.375,0.0
3.462,3.434,3.406,3.377,3.348,3.35,0.0
3.462,3.434,3.406,3.377,3.348,3.346,0.0
3.434,3.406,3.377,3.348,3.32,3.322,0.0
3.434,3.406,3.377,3.348,3.32,3.318,0.0
3.406,3.377,3.348,3.32,3.294,3.296,0.0
3.406,3.377,3.348,3.32,3.294,3.292,0.0
3.377,3.348,3.32,3.294,3.268,3.27,0.0
3.377,3.348,3.32,3.294,3.268,3.266,0.0
3.348,3.32,3.294,3.268,3.244,3.246,0.0
3.348,3.32,3.294,3.268,3.244,3.242,0.0
3.32,3.294,3.268,3.244,3.222,3.224,0.0
3.32,3.294,3.268,3.244,3.222,3.22,0.0
3.294,3.268,3.244,3.222,3.201,3.203,0.0
3.294,3.268,3.244,3.222,3.201,3.199,0.0
3.268,3.244,3.222,3.201,3.178,3.18,0.0
3.268,3.244,3.222,3.201,3.178,3.176,0.0
3.244,3.222,3.201,3.178,3.162,3.164,0.0
3.244,3.222,3.201,3.178,3.162,3.16,0.0
3.222,3.201,3.178,3.162,3.146,3.148,0.0
3.222,3.201,3.178,3.162,3.146,3.144,0.0
3.201,3.178,3.162,3.146,3.127,3.129,0.0
3.201,3.178,3.162,3.146,3.127,3.125,0.0
0.033,0.012,-0.012,-0.038,-0.066,-0.064,0.0
0.033,0.012,-0.012,-0.038,-0.066,-0.068,0.0
0.012,-0.012,-0.038,-0.066,-0.094,-0.092,0.0
0.012,-0.012,-0.038,-0.066,-0.094,-0.096,0.0
-0.012,-0.038,-0.066,-0.094,-0.123,-0.121,0.0
-0.012,-0.038,-0.066,-0.094,-0.123,-0.125,0.0
-0.038,-0.066,-0.094,-0.123,-0.152,-0.15,0.0
-0.038,-0.066,-0.094,-0.123,-0.152,-0.154,0.0
-0.066,-0.094,-0.123,-0.152,-0.18,-0.178,0.0
-0.066,-0.094,-0.123,-0.152,-0.18,-0.182,0.0
-0.094,-0.123,-0.152,-0.18,-0.206,-0.204,0.0
-0.094,-0.123,-0.152,-0.18,-0.206,-0.208,0.0
-0.123,-0.152,-0.18,-0.206,-0.232,-0.23,0.0
-0.123,-0.152,-0.18,-0.206,-0.232,-0.234,0.0
-0.152,-0.18,-0.206,-0.232,-0.256,-0.254,0.0
-0.152,-0.18,-0.206,-0.232,-0.256,-0.258,0.0
-0.18,-0.206,-0.232,-0.256,-0.278,-0.276,0.0
-0.18,-0.206,-0.232,-0.256,-0.278,-0.28,0.0
-0.206,-0.232,-0.256,-0.278,-0.299,-0.297,0.0
-0.206,-0.232,-0.256,-0.278,-0.299,-0.301,0.0
-0.232,-0.256,-0.278,-0.299,-0.322,-0.32,0.0
-0.232,-0.256,-0.278,-0.299,-0.322,-0.324,0.0
-0.256,-0.278,-0.299,-0.322,-0.338,-0.336,0.0
-0.256,-0.278,-0.299,-0.322,-0.338,-0.34,0.0
-0.278,-0.299,-0.322,-0.338,-0.354,-0.352,0.0
-0.278,-0.299,-0.322,-0.338,-0.354,-0.356,0.0
-0.299,-0.322,-0.338,-0.354,-0.373,-0.371,0.0
-0.299,-0.322,-0.338,-0.354,-0.373,-0.375,0.0
-0.084,-0.076,-0.065,-0.051,-0.033,-0.031,0.0
-0.084,-0.076,-0.065,-0.051,-0.033,-0.035,0.0
-0.576,-0.565,-0.551,-0.533,-0.512,-0.51,0.0
-0.576,-0.565,-0.551,-0.533,-0.512,-0.514,0.0
-0.565,-0.551,-0.533,-0.512,-0.488,-0.486,0.0
-0.565,-0.551,-0.533,-0.512,-0.488,-0.49,0.0
-0.551,-0.533,-0.512,-0.488,-0.462,-0.46,0.0
-0.551,-0.533,-0.512,-0.488,-0.462,-0.464,0.0
-3.533,-3.512,-3.488,-3.462,-3.434,-3.432,0.0
-3.533,-3.512,-3.488,-3.462,-3.434,-3.436,0.0
-3.512,-3.488,-3.462,-3.434,-3.406,-3.404,0.0
-3.512,-3.488,-3.462,-3.434,-3.406,-3.408,0.0
-3.488,-3.462,-3.434,-3.406,-3.377,-3.375,0.0
-3.488,-3.462,-3.434,-3.406,-3.377,-3.379,0.0
-3.462,-3.434,-3.406,-3.377,-3.348,-3.346,0.0
-3.462,-3.434,-3.406,-3.377,-3.348,-3.35,0.0
-3.434,-3.406,-3.377,-3.348,-3.32,-3.318,0.0
-3.434,-3.406,-3.377,-3.348,-3.32,-3.322,0.0
-3.406,-3.377,-3.348,-3.32,-3.294,-3.292,0.0
-3.406,-3.377,-3.348,-3.32,-3.294,-3.296,0.0
-3.377,-3.348,-3.32,-3.294,-3.268,-3.266,0.0
-3.377,-3.348,-3.32,-3.294,-3.268,-3.27,0.0
-3.348,-3.32,-3.294,-3.268,-3.244,-3.242,0.0
-3.348,-3.32,-3.294,-3.268,-3.244,-3.246,0.0
-3.32,-3.294,-3.268,-3.244,-3.222,-3.22,0.0
-3.32,-3.294,-3.268,-3.244,-3.222,-3.224,0.0
-3.294,-3.268,-3.244,-3.222,-3.201,-3.199,0.0
-3.294,-3.268,-3.244,-3.222,-3.201,-3.203,0.0
-3.268,-3.244,-3.222,-3.201,-3.178,-3.176,0.0
-3.268,-3.244,-3.222,-3.201,-3.178,-3.18,0.0
-3.244,-3.222,-3.201,-3.178,-3.162,-3.16,0.0
-3.244,-3.222,-3.201,-3.178,-3.162,-3.164,0.0
-3.222,-3.201,-3.178,-3.162,-3.146,-3.144,0.0
-3.222,-3.201,-3.178,-3.162,-3.146,-3.148,0.0
-3.201,-3.178,-3.162,-3.146,-3.127,-3.125,0.0
-3.201,-3.178,-3.162,-3.146,-3.127,-3.129,0.0
-0.033,-0.012,0.012,0.038,0.066,0.068,0.0
-0.033,-0.012,0.012,0.038,0.066,0.064,0.0
-0.012,0.012,0.038,0.066,0.094,0.096,0.0
-0.012,0.012,0.038,0.066,0.094,0.092,0.0
0.012,0.038,0.066,0.094,0.123,0.125,0.0
0.012,0.038,0.066,0.094,0.123,0.121,0.0
0.038,0.066,0.094,0.123,0.152,0.154,0.0
0.038,0.066,0.094,0.123,0.152,0.15,0.0
0.066,0.094,0.123,0.152,0.18,0.182,0.0
0.066,0.094,0.123,0.152,0.18,0.178,0.0
0.094,0.123,0.152,0.18,0.206,0.208,0.0
0.094,0.123,0.152,0.18,0.206,0.204,0.0
0.123,0.152,0.18,0.206,0.232,0.234,0.0
0.123,0.152,0.18,0.206,0.232,0.23,0.0
0.152,0.18,0.206,0.232,0.256,0.258,0.0
0.152,0.18,0.206,0.232,0.256,0.254,0.0
0.18,0.206,0.232,0.256,0.278,0.28,0.0
0.18,0.206,0.232,0.256,0.278,0.276,0.0
0.206,0.232,0.256,0.278,0.299,0.301,0.0
0.206,0.232,0.256,0.278,0.299,0.297,0.0
0.232,0.256,0.278,0.299,0.322,0.324,0.0
0.232,0.256,0.278,0.299,0.322,0.32,0.0
0.256,0.278,0.299,0.322,0.338,0.34,0.0
0.256,0.278,0.299,0.322,0.338,0.336,0.0
0.278,0.299,0.322,0.338,0.354,0.356,0.0
0.278,0.299,0.322,0.338,0.354,0.352,0.0
0.299,0.322,0.338,0.354,0.373,0.375,0.0
0.299,0.322,0.338,0.354,0.373,0.371,0.0
-0.012,-0.033,-0.051,-0.065,-0.076,-0.074,0.0
-0.012,-0.033,-0.051,-0.065,-0.076,-0.078,0.0
-0.488,-0.512,-0.533,-0.551,-0.565,-0.563,0.0
-0.488,-0.512,-0.533,-0.551,-0.565,-0.567,0.0
-0.462,-0.488,-0.512,-0.533,-0.551,-0.549,0.0
-0.462,-0.488,-0.512,-0.533,-0.551,-0.553,0.0
-0.434,-0.462,-0.488,-0.512,-0.533,-0.531,0.0
-0.434,-0.462,-0.488,-0.512,-0.533,-0.535,0.0
-3.406,-3.434,-3.462,-3.488,-3.512,-3.51,0.0
-3.406,-3.434,-3.462,-3.488,-3.512,-3.514,0.0
-3.377,-3.406,-3.434,-3.462,-3.488,-3.486,0.0
-3.377,-3.406,-3.434,-3.462,-3.488,-3.49,0.0
-3.348,-3.377,-3.406,-3.434,-3.462,-3.46,0.0
-3.348,-3.377,-3.406,-3.434,-3.462,-3.464,0.0
-3.32,-3.348,-3.377,-3.406,-3.434,-3.432,0.0
-3.32,-3.348,-3.377,-3.406,-3.434,-3.436,0.0
-3.294,-3.32,-3.348,-3.377,-3.406,-3.404,0.0
-3.294,-3.32,-3.348,-3.377,-3.406,-3.408,0.0
-3.268,-3.294,-3.32,-3.348,-3.377,-3.375,0.0
-3.268,-3.294,-3.32,-3.348,-3.377,-3.379,0.0
-3.244,-3.268,-3.294,-3.32,-3.348,-3.346,0.0
-3.244,-3.268,-3.294,-3.32,-3.348,-3.35,0.0
-3.222,-3.244,-3.268,-3.294,-3.32,-3.318,0.0
-3.222,-3.244,-3.268,-3.294,-3.32,-3.322,0.0
-3.201,-3.222,-3.244,-3.268,-3.294,-3.292,0.0
-3.201,-3.222,-3.244,-3.268,-3.294,-3.296,0.0
-3.178,-3.201,-3.222,-3.244,-3.268,-3.266,0.0
-3.178,-3.201,-3.222,-3.244,-3.268,-3.27,0.0
-3.162,-3.178,-3.201,-3.222,-3.244,-3.242,0.0
-3.162,-3.178,-3.201,-3.222,-3.244,-3.246,0.0
-3.146,-3.162,-3.178,-3.201,-3.222,-3.22,0.0
-3.146,-3.162,-3.178,-3.201,-3.222,-3.224,0.0
-3.127,-3.146,-3.162,-3.178,-3.201,-3.199,0.0
-3.127,-3.146,-3.162,-3.178,-3.201,-3.203,0.0
-3.111,-3.127,-3.146,-3.162,-3.178,-3.176,0.0
-3.111,-3.127,-3.146,-3.162,-3.178,-3.18,0.0
0.094,0.066,0.038,0.012,-0.012,-0.01,0.0
0.094,0.066,0.038,0.012,-0.012,-0.014,0.0
0.123,0.094,0.066,0.038,0.012,0.014,0.0
0.123,0.094,0.066,0.038,0.012,0.01,0.0
0.152,0.123,0.094,0.066,0.038,0.04,0.0
0.152,0.123,0.094,0.066,0.038,0.036,0.0
0.18,0.152,0.123,0.094,0.066,0.068,0.0
0.18,0.152,0.123,0.094,0.066,0.064,0.0
0.206,0.18,0.152,0.123,0.094,0.096,0.0
0.206,0.18,0.152,0.123,0.094,0.092,0.0
0.232,0.206,0.18,0.152,0.123,0.125,0.0
0.232,0.206,0.18,0.152,0.123,0.121,0.0
0.256,0.232,0.206,0.18,0.152,0.154,0.0
0.256,0.232,0.206,0.18,0.152,0.15,0.0
0.278,0.256,0.232,0.206,0.18,0.182,0.0
0.278,0.256,0.232,0.206,0.18,0.178,0.0
0.299,0.278,0.256,0.232,0.206,0.208,0.0
0.299,0.278,0.256,0.232,0.206,0.204,0.0
0.322,0.299,0.278,0.256,0.232,0.234,0.0
0.322,0.299,0.278,0.256,0.232,0.23,0.0
0.338,0.322,0.299,0.278,0.256,0.258,0.0
0.338,0.322,0.299,0.278,0.256,0.254,0.0
0.354,0.338,0.322,0.299,0.278,0.28,0.0
0.354,0.338,0.322,0.299,0.278,0.276,0.0
0.373,0.354,0.338,0.322,0.299,0.301,0.0
0.373,0.354,0.338,0.322,0.299,0.297,0.0
0.389,0.373,0.354,0.338,0.322,0.324,0.0
0.389,0.373,0.354,0.338,0.322,0.32,0.0
