Range    : 5.000
Accuracy : 0.001
Control file  : C2HD3gr   
Spectrum file : w         

 Searching   1  1  0 near    727.63042
 No   1:   0  0  0        0.00000  reg   722.630 -   732.630
 No   2:   2  2  0       12.78833  reg   709.842 -   719.842
  0  0  0   722.62596 78.3   722.62596    2  2  0   709.83687 73.1   722.62520
  0  0  0   722.65718 76.5   722.65718    2  2  0   709.86923 81.6   722.65756
  0  0  0   723.09262 34.2   723.09262    2  2  0   710.30359 86.2   723.09192
  0  0  0   723.10724 85.7   723.10724    2  2  0   710.31974 36.2   723.10807
  0  0  0   723.16835 31.9   723.16835    2  2  0   710.38058 88.6   723.16891
  0  0  0   723.27128 87.4   723.27128    2  2  0   710.48368 66.9   723.27201
  0  0  0   723.55253 85.7   723.55253    2  2  0   710.76342 77.2   723.55175
  0  0  0   723.83152 85.1   723.83152    2  2  0   711.04251 62.2   723.83084
  0  0  0   723.91987 88.4   723.91987    2  2  0   711.13198 71.4   723.92031
  0  0  0   724.05572 71.2   724.05572    2  2  0   711.26672 87.6   724.05505
  0  0  0   724.12858 16.3   724.12858    2  2  0   711.34087 77.7   724.12920
  0  0  0   724.67994 87.5   724.67994    2  2  0   711.89228 52.1   724.68061
  0  0  0   724.84861 90.0   724.84861    2  2  0   712.06027 89.3   724.84860
  0  0  0   725.14559 89.2   725.14559    2  2  0   712.35713 81.4   725.14546
  0  0  0   725.27920 81.8   725.27920    2  2  0   712.49126 51.9   725.27959
  0  0  0   725.66479 47.1   725.66479    2  2  0   712.87626 85.8   725.66459
  0  0  0   725.93545 38.2   725.93545    2  2  0   713.14715 79.4   725.93548
  0  0  0   725.97014 57.6   725.97014    2  2  0   713.18197 81.5   725.97030
  0  0  0   726.01400 56.7   726.01400    2  2  0   713.22580 78.1   726.01413
  0  0  0   726.01978 88.1   726.01978    2  2  0   713.23235 75.6   726.02068
  0  0  0   726.02993 66.3   726.02993    2  2  0   713.24205 74.2   726.03038
  0  0  0   726.51960 69.4   726.51960    2  2  0   713.73136 80.2   726.51969
  0  0  0   726.73986 89.4   726.73986    2  2  0   713.95127 84.0   726.73960
  0  0  0   726.84436 88.1   726.84436    2  2  0   714.05701 31.3   726.84534
  0  0  0   727.17319 72.1   727.17319    2  2  0   714.38537 78.4   727.17370
  0  0  0   727.24949 88.4   727.24949    2  2  0   714.46198 84.0   727.25031
  0  0  0   727.40261 77.8   727.40261    2  2  0   714.61490 85.0   727.40323
  0  0  0   727.52135 89.1   727.52135    2  2  0   714.73224 82.5   727.52057
  0  0  0   727.96890 86.5   727.96890    2  2  0   715.18135 88.3   727.96968
  0  0  0   727.99259 88.0   727.99259    2  2  0   715.20363 84.5   727.99196
  0  0  0   727.99816 56.4   727.99816    2  2  0   715.21001 70.5   727.99834
  0  0  0   728.15307 73.4   728.15307    2  2  0   715.36436 63.5   728.15269
  0  0  0   728.26079 89.6   728.26079    2  2  0   715.47217 86.7   728.26050
  0  0  0   728.27023 87.8   728.27023    2  2  0   715.48218 81.9   728.27051
  0  0  0   728.51773 87.4   728.51773    2  2  0   715.72929 60.1   728.51762
  0  0  0   728.62514 87.0   728.62514    2  2  0   715.83766 86.3   728.62599
  0  0  0   728.78243 89.4   728.78243    2  2  0   715.99467 74.8   728.78300
  0  0  0   729.02836 89.6   729.02836    2  2  0   716.23959 81.2   729.02792
  0  0  0   729.10680 86.6   729.10680    2  2  0   716.31820 86.4   729.10653
  0  0  0   729.50636 87.5   729.50636    2  2  0   716.71785 78.7   729.50618
  0  0  0   729.56067 86.4   729.56067    2  2  0   716.77168 77.9   729.56001
  0  0  0   730.08480 86.4   730.08480    2  2  0   717.29597 72.7   730.08430
  0  0  0   730.21579 82.3   730.21579    2  2  0   717.42705 72.4   730.21538
  0  0  0   730.35674 84.3   730.35674    2  2  0   717.56743 82.4   730.35576
  0  0  0   730.81609 81.0   730.81609    2  2  0   718.02818 82.3   730.81651
  0  0  0   731.00498 89.8   731.00498    2  2  0   718.21741 40.3   731.00574
  0  0  0   731.03347 76.2   731.03347    2  2  0   718.24543 77.8   731.03376
  0  0  0   731.15777 86.3   731.15777    2  2  0   718.36854 88.6   731.15687
  0  0  0   731.31349 88.6   731.31349    2  2  0   718.52427 80.3   731.31260
  0  0  0   731.46795 80.1   731.46795    2  2  0   718.68040 89.0   731.46873
  0  0  0   731.50542 47.8   731.50542    2  2  0   718.71797 74.9   731.50630
  0  0  0   732.00604 74.4   732.00604    2  2  0   719.21749 82.3   732.00582
  0  0  0   732.59677 73.5   732.59677    2  2  0   719.80924 72.8   732.59757

 Searching   2  1  1 near    730.60191
 No   1:   1  0  1        1.39995  reg   724.202 -   734.202
 No   2:   2  2  1       12.77805  reg   712.824 -   722.824
 No   3:   3  2  1       17.02892  reg   708.573 -   718.573
  1  0  1   724.18413 88.1   725.58408    2  2  1   712.80588 88.9   725.58393
  1  0  1   724.24364 38.7   725.64359    3  2  1   708.61393 80.5   725.64285
  1  0  1   724.39301 88.9   725.79296    3  2  1   708.76487 79.3   725.79379
  1  0  1   724.49503 83.5   725.89498    2  2  1   713.11662 89.6   725.89467
  1  0  1   724.53098 24.7   725.93093    2  2  1   713.15372 84.2   725.93177
  1  0  1   724.56107 29.3   725.96102    2  2  1   713.18197 81.5   725.96002
  1  0  1   724.58507 84.8   725.98502    3  2  1   708.95663 81.9   725.98555
  1  0  1   724.75559 39.7   726.15554    2  2  1   713.37710 88.1   726.15515
  1  0  1   724.82851 17.1   726.22846    2  2  1   713.44949 58.9   726.22754
  1  0  1   724.88765 25.0   726.28760    2  2  1   713.50998 51.8   726.28803
  1  0  1   724.97043 84.5   726.37038    3  2  1   709.34220 77.8   726.37112
  1  0  1   724.97939 88.9   726.37934    3  2  1   709.35116 65.0   726.38008
  1  0  1   725.10943 85.8   726.50938    2  2  1   713.73136 80.2   726.50941
  1  0  1   725.43020 31.4   726.83015    2  2  1   714.05126 87.9   726.82931
  1  0  1   725.43451 40.3   726.83446    2  2  1   714.05701 31.3   726.83506
  1  0  1   725.44572 76.5   726.84567    3  2  1   709.81753 84.4   726.84645
  1  0  1   725.65830 74.5   727.05825    3  2  1   710.03032 68.2   727.05924
  1  0  1   725.80491 87.2   727.20486    3  2  1   710.17603 82.6   727.20495
  1  0  1   725.91703 68.5   727.31698    3  2  1   710.28866 89.5   727.31758
  1  0  1   726.01400 56.7   727.41395    3  2  1   710.38560 89.2   727.41452
  1  0  1   726.11352 90.0   727.51347    3  2  1   710.48368 66.9   727.51260
  1  0  1   726.15216 11.7   727.55211    2  2  1   714.77464 89.3   727.55269
  1  0  1   726.16794 79.2   727.56789    2  2  1   714.78958 23.5   727.56763
  1  0  1   726.18236 78.6   727.58231    2  2  1   714.80385 76.6   727.58190
  1  0  1   726.22587 85.7   727.62582    3  2  1   710.59687 74.7   727.62579
  1  0  1   726.25580 37.3   727.65575    2  2  1   714.87829 87.2   727.65634
  1  0  1   726.26588 66.0   727.66583    3  2  1   710.63618 40.6   727.66510
  1  0  1   726.35597 71.5   727.75592    3  2  1   710.72684 87.6   727.75576
  1  0  1   726.39149 87.5   727.79144    3  2  1   710.76342 77.2   727.79234
  1  0  1   726.58208 54.3   727.98203    2  2  1   715.20363 84.5   727.98168
  1  0  1   726.58905 60.5   727.98900    2  2  1   715.21001 70.5   727.98806
  1  0  1   726.72524 56.2   728.12519    3  2  1   711.09685 83.8   728.12577
  1  0  1   726.84436 88.1   728.24431    2  2  1   715.46675 69.8   728.24480
  1  0  1   726.95689 48.3   728.35684    2  2  1   715.57921 81.2   728.35726
  1  0  1   726.97214 75.3   728.37209    2  2  1   715.59478 77.5   728.37283
  1  0  1   727.11298 46.5   728.51293    3  2  1   711.48398 68.4   728.51290
  1  0  1   727.17319 72.1   728.57314    2  2  1   715.79422 75.8   728.57227
  1  0  1   727.21096 89.9   728.61091    2  2  1   715.83213 83.9   728.61018
                                          3  2  1   711.58254 89.2   728.61146
  1  0  1   727.32133 87.5   728.72128    2  2  1   715.94256 78.8   728.72061
  1  0  1   727.40261 77.8   728.80256    2  2  1   716.02448 47.3   728.80253
  1  0  1   727.52135 89.1   728.92130    3  2  1   711.89228 52.1   728.92120
  1  0  1   727.57268 87.0   728.97263    2  2  1   716.19540 82.9   728.97345
  1  0  1   727.57912 70.4   728.97907    2  2  1   716.20101 55.1   728.97906
  1  0  1   727.60946 80.8   729.00941    2  2  1   716.23091 84.9   729.00896
  1  0  1   727.75797 83.2   729.15792    2  2  1   716.37928 88.5   729.15733
  1  0  1   727.86442 86.4   729.26437    2  2  1   716.48647 85.9   729.26452
  1  0  1   727.94368 90.0   729.34363    3  2  1   712.31407 89.3   729.34299
  1  0  1   728.12427 88.2   729.52422    2  2  1   716.74568 83.2   729.52373
  1  0  1   728.19906 58.2   729.59901    2  2  1   716.82066 89.8   729.59871
  1  0  1   728.20514 87.1   729.60509    2  2  1   716.82637 80.8   729.60442
  1  0  1   728.28616 80.4   729.68611    2  2  1   716.90905 85.7   729.68710
  1  0  1   728.76274 35.0   730.16269    2  2  1   717.38436 89.4   730.16241
  1  0  1   728.77654 40.1   730.17649    3  2  1   713.14715 79.4   730.17607
  1  0  1   728.78243 89.4   730.18238    2  2  1   717.40379 89.1   730.18184
                                          3  2  1   713.15372 84.2   730.18264
  1  0  1   728.78628 76.1   730.18623    2  2  1   717.40867 80.8   730.18672
  1  0  1   729.34550 81.2   730.74545    2  2  1   717.96820 79.5   730.74625
  1  0  1   729.35529 89.5   730.75524    3  2  1   713.72700 76.8   730.75592
  1  0  1   729.36083 37.1   730.76078    3  2  1   713.73136 80.2   730.76028
  1  0  1   729.54138 73.6   730.94133    2  2  1   718.16313 84.3   730.94118
  1  0  1   729.98836 89.6   731.38831    2  2  1   718.61017 69.5   731.38822
  1  0  1   730.08480 86.4   731.48475    2  2  1   718.70705 74.1   731.48510
  1  0  1   730.20202 77.0   731.60197    3  2  1   714.57247 70.0   731.60139
  1  0  1   730.21579 82.3   731.61574    2  2  1   718.83781 88.6   731.61586
  1  0  1   730.36163 78.5   731.76158    3  2  1   714.73224 82.5   731.76116
  1  0  1   730.42547 54.8   731.82542    3  2  1   714.79570 81.5   731.82462
  1  0  1   730.46252 82.0   731.86247    2  2  1   719.08381 84.7   731.86186
  1  0  1   730.57146 65.6   731.97141    2  2  1   719.19360 89.2   731.97165
  1  0  1   730.73574 89.7   732.13569    2  2  1   719.35862  5.0   732.13667
                                          3  2  1   715.10651 68.1   732.13543
  1  0  1   730.76333 84.5   732.16328    2  2  1   719.38443 88.8   732.16248
  1  0  1   730.78186 82.8   732.18181    3  2  1   715.15345 89.7   732.18237
  1  0  1   730.92264 73.0   732.32259    3  2  1   715.29404 85.3   732.32296
  1  0  1   731.00498 89.8   732.40493    2  2  1   719.62644 77.4   732.40449
  1  0  1   731.03347 76.2   732.43342    3  2  1   715.40353 67.3   732.43245
  1  0  1   731.09574 47.4   732.49569    2  2  1   719.71820 86.6   732.49625
                                          3  2  1   715.46675 69.8   732.49567
  1  0  1   731.26520 87.0   732.66515    2  2  1   719.88767 62.0   732.66572
  1  0  1   731.90303 78.5   733.30298    2  2  1   720.52465 77.4   733.30270
  1  0  1   732.23160 53.7   733.63155    3  2  1   716.60296 86.1   733.63188
  1  0  1   732.35531 77.9   733.75526    3  2  1   716.72733 82.5   733.75625
  1  0  1   732.73266 86.3   734.13261    3  2  1   717.10425 82.2   734.13317
  1  0  1   732.75455 83.3   734.15450    2  2  1   721.37635 71.8   734.15440
                                          3  2  1   717.12499 89.0   734.15391
  1  0  1   732.77963 73.7   734.17958    3  2  1   717.15072 85.4   734.17964
  1  0  1   732.85356 46.4   734.25351    2  2  1   721.47579 86.3   734.25384
  1  0  1   733.03243 83.2   734.43238    3  2  1   717.40379 89.1   734.43271
  1  0  1   733.03725 89.7   734.43720    3  2  1   717.40867 80.8   734.43759
  1  0  1   733.54129 88.8   734.94124    3  2  1   717.91176 66.0   734.94068
  1  0  1   733.85261 89.9   735.25256    3  2  1   718.22299 84.9   735.25191
  1  0  1   733.98951 88.0   735.38946    2  2  1   722.61114 74.9   735.38919
  1  0  1   734.08275 86.8   735.48270    2  2  1   722.70382 74.6   735.48187
  1  0  1   734.14259 63.8   735.54254    3  2  1   718.51422 81.3   735.54314
  2  2  1   713.30901 73.5   726.08706    3  2  1   709.05797 89.3   726.08689
  2  2  1   713.34181 86.9   726.11986    3  2  1   709.09063 76.0   726.11955
  2  2  1   713.99508 75.9   726.77313    3  2  1   709.74469 68.4   726.77361
  2  2  1   714.06287 89.3   726.84092    3  2  1   709.81288 88.8   726.84180
  2  2  1   714.12869 77.2   726.90674    3  2  1   709.87843 73.8   726.90735
  2  2  1   715.29404 85.3   728.07209    3  2  1   711.04251 62.2   728.07143
  2  2  1   715.89467 88.3   728.67272    3  2  1   711.64334 68.9   728.67226
  2  2  1   715.99467 74.8   728.77272    3  2  1   711.74472 49.7   728.77364
  2  2  1   716.03856 83.2   728.81661    3  2  1   711.78712 71.3   728.81604
  2  2  1   716.14889 79.4   728.92694    3  2  1   711.89846 56.1   728.92738
  2  2  1   716.17308 86.1   728.95113    3  2  1   711.92144 88.0   728.95036
  2  2  1   716.60296 86.1   729.38101    3  2  1   712.35160 84.2   729.38052
  2  2  1   717.29597 72.7   730.07402    3  2  1   713.04524 67.9   730.07416
  2  2  1   717.31448 76.2   730.09253    3  2  1   713.06387 71.9   730.09279
  2  2  1   717.40379 89.1   730.18184    3  2  1   713.15372 84.2   730.18264
  2  2  1   717.49205 87.5   730.27010    3  2  1   713.24205 74.2   730.27097
  2  2  1   717.61117 74.4   730.38922    3  2  1   713.36080 82.7   730.38972
  2  2  1   717.70109 74.0   730.47914    3  2  1   713.44949 58.9   730.47841
  2  2  1   717.88296 88.0   730.66101    3  2  1   713.63190 79.0   730.66082
  2  2  1   717.96820 79.5   730.74625    3  2  1   713.71795 72.3   730.74687
  2  2  1   718.09636 90.0   730.87441    3  2  1   713.84504 63.7   730.87396
  2  2  1   718.20209 71.3   730.98014    3  2  1   713.95127 84.0   730.98019
  2  2  1   718.24543 77.8   731.02348    3  2  1   713.99508 75.9   731.02400
  2  2  1   718.29096 84.1   731.06901    3  2  1   714.04108 68.5   731.07000
  2  2  1   718.48540 89.8   731.26345    3  2  1   714.23546 79.2   731.26438
  2  2  1   718.69806 85.9   731.47611    3  2  1   714.44807 76.8   731.47699
  2  2  1   718.71239 71.0   731.49044    3  2  1   714.46198 84.0   731.49090
  2  2  1   719.05409 65.4   731.83214    3  2  1   714.80385 76.6   731.83277
  2  2  1   719.43281 80.8   732.21086    3  2  1   715.18135 88.3   732.21027
  2  2  1   719.71820 86.6   732.49625    3  2  1   715.46675 69.8   732.49567
  2  2  1   719.73891 87.5   732.51696    3  2  1   715.48772 80.1   732.51664
  2  2  1   719.76602 86.1   732.54407    3  2  1   715.51474 75.5   732.54366
  2  2  1   719.83055 84.3   732.60860    3  2  1   715.57921 81.2   732.60813
  2  2  1   719.84519 87.0   732.62324    3  2  1   715.59478 77.5   732.62370
  2  2  1   719.85570  0.5   732.63375    3  2  1   715.60387 86.9   732.63279
  2  2  1   720.04421  1.3   732.82226    3  2  1   715.79422 75.8   732.82314
  2  2  1   720.22823 82.8   733.00628    3  2  1   715.97758 87.0   733.00650
  2  2  1   720.36146 68.0   733.13951    3  2  1   716.11017 86.7   733.13909
  2  2  1   720.39896 77.1   733.17701    3  2  1   716.14889 79.4   733.17781
  2  2  1   720.44604 86.9   733.22409    3  2  1   716.19540 82.9   733.22432
  2  2  1   720.49816 85.5   733.27621    3  2  1   716.24817 88.8   733.27709
  2  2  1   720.51349  8.8   733.29154    3  2  1   716.26235 83.2   733.29127
  2  2  1   720.55777 74.4   733.33582    3  2  1   716.30633 84.2   733.33525
  2  2  1   720.71870 17.4   733.49675    3  2  1   716.46706 81.6   733.49598
  2  2  1   720.78314 80.7   733.56119    3  2  1   716.53299 88.4   733.56191
  2  2  1   720.82218 89.5   733.60023    3  2  1   716.57047 79.9   733.59939
  2  2  1   720.90651 59.6   733.68456    3  2  1   716.65531 78.8   733.68423
  2  2  1   721.07061 59.6   733.84866    3  2  1   716.82066 89.8   733.84958
  2  2  1   721.37635 71.8   734.15440    3  2  1   717.12499 89.0   734.15391
  2  2  1   721.39088 85.3   734.16893    3  2  1   717.14071 80.2   734.16963
  2  2  1   721.43756 26.1   734.21561    3  2  1   717.18608 88.8   734.21500
  2  2  1   721.54617 70.4   734.32422    3  2  1   717.29597 72.7   734.32489
  2  2  1   721.61612 89.6   734.39417    3  2  1   717.36580 85.2   734.39472
  2  2  1   721.62233 50.7   734.40038    3  2  1   717.37141 89.5   734.40033
  2  2  1   721.67822 82.2   734.45627    3  2  1   717.42705 72.4   734.45597
  2  2  1   721.77770 65.8   734.55575    3  2  1   717.52699 83.0   734.55591
  2  2  1   721.80244 89.6   734.58049    3  2  1   717.55226 88.7   734.58118
  2  2  1   721.99809 89.4   734.77614    3  2  1   717.74804 78.0   734.77696
  2  2  1   722.05287 86.7   734.83092    3  2  1   717.80203 70.2   734.83095
  2  2  1   722.34093 74.7   735.11898    3  2  1   718.09100 85.3   735.11992
  2  2  1   722.49717 90.0   735.27522    3  2  1   718.24543 77.8   735.27435
  2  2  1   722.78029 84.7   735.55834    3  2  1   718.52987 80.3   735.55879
  2  2  1   722.81969 87.6   735.59774    3  2  1   718.56932 81.8   735.59824

 Searching   3  1  2 near    735.05245
 No   1:   2  0  2        4.18956  reg   725.863 -   735.863
 No   2:   3  2  2       16.97774  reg   713.075 -   723.075
 No   3:   4  2  2       22.72108  reg   707.331 -   717.331
  2  0  2   725.93545 38.2   730.12501    3  2  2   713.14715 79.4   730.12489
  2  0  2   725.97014 57.6   730.15970    3  2  2   713.18197 81.5   730.15971
  2  0  2   726.01400 56.7   730.20356    3  2  2   713.22580 78.1   730.20354
  2  0  2   726.01978 88.1   730.20934    3  2  2   713.23235 75.6   730.21009
  2  0  2   726.02993 66.3   730.21949    3  2  2   713.24205 74.2   730.21979
  2  0  2   726.17254 88.0   730.36210    4  2  2   707.64025 87.0   730.36133
  2  0  2   726.51960 69.4   730.70916    3  2  2   713.73136 80.2   730.70910
  2  0  2   726.63223 51.5   730.82179    3  2  2   713.84504 63.7   730.82278
  2  0  2   726.73986 89.4   730.92942    3  2  2   713.95127 84.0   730.92901
  2  0  2   726.78800 79.5   730.97756    4  2  2   708.25720 87.1   730.97828
  2  0  2   726.84436 88.1   731.03392    3  2  2   714.05701 31.3   731.03475
  2  0  2   727.17319 72.1   731.36275    3  2  2   714.38537 78.4   731.36311
  2  0  2   727.24949 88.4   731.43905    3  2  2   714.46198 84.0   731.43972
  2  0  2   727.40261 77.8   731.59217    3  2  2   714.61490 85.0   731.59264
  2  0  2   727.52135 89.1   731.71091    3  2  2   714.73224 82.5   731.70998
  2  0  2   727.55367 88.0   731.74323    4  2  2   709.02209 86.4   731.74317
  2  0  2   727.57268 87.0   731.76224    4  2  2   709.04213 70.2   731.76321
  2  0  2   727.96890 86.5   732.15846    3  2  2   715.18135 88.3   732.15909
  2  0  2   727.99259 88.0   732.18215    3  2  2   715.20363 84.5   732.18137
  2  0  2   727.99816 56.4   732.18772    3  2  2   715.21001 70.5   732.18775
  2  0  2   728.03997 68.4   732.22953    4  2  2   709.50913 67.5   732.23021
  2  0  2   728.15307 73.4   732.34263    3  2  2   715.36436 63.5   732.34210
  2  0  2   728.19906 58.2   732.38862    4  2  2   709.66802 84.1   732.38910
  2  0  2   728.20514 87.1   732.39470    4  2  2   709.67321 82.5   732.39429
  2  0  2   728.26079 89.6   732.45035    3  2  2   715.47217 86.7   732.44991
  2  0  2   728.27023 87.8   732.45979    3  2  2   715.48218 81.9   732.45992
  2  0  2   728.31094 88.2   732.50050    4  2  2   709.77983 81.9   732.50091
  2  0  2   728.51773 87.4   732.70729    3  2  2   715.72929 60.1   732.70703
  2  0  2   728.62514 87.0   732.81470    3  2  2   715.83766 86.3   732.81540
  2  0  2   728.78243 89.4   732.97199    3  2  2   715.99467 74.8   732.97241
  2  0  2   728.84306 57.5   733.03262    4  2  2   710.31099 87.1   733.03207
  2  0  2   728.88026 65.3   733.06982    4  2  2   710.34781 78.5   733.06889
  2  0  2   728.99197 87.7   733.18153    4  2  2   710.46049 76.4   733.18157
  2  0  2   729.02836 89.6   733.21792    3  2  2   716.23959 81.2   733.21733
  2  0  2   729.10680 86.6   733.29636    3  2  2   716.31820 86.4   733.29594
  2  0  2   729.50636 87.5   733.69592    3  2  2   716.71785 78.7   733.69559
  2  0  2   729.56067 86.4   733.75023    3  2  2   716.77168 77.9   733.74942
  2  0  2   729.91090 69.6   734.10046    4  2  2   711.37980 78.7   734.10088
  2  0  2   730.08480 86.4   734.27436    3  2  2   717.29597 72.7   734.27371
  2  0  2   730.21579 82.3   734.40535    3  2  2   717.42705 72.4   734.40479
  2  0  2   730.59265 88.3   734.78221    4  2  2   712.06027 89.3   734.78135
  2  0  2   730.73574 89.7   734.92530    4  2  2   712.20413 89.9   734.92521
  2  0  2   730.81609 81.0   735.00565    3  2  2   718.02818 82.3   735.00592
  2  0  2   730.93753 86.0   735.12709    4  2  2   712.40546 76.9   735.12654
  2  0  2   731.00498 89.8   735.19454    3  2  2   718.21741 40.3   735.19515
  2  0  2   731.03347 76.2   735.22303    3  2  2   718.24543 77.8   735.22317
                                          4  2  2   712.50249 72.2   735.22357
  2  0  2   731.46795 80.1   735.65751    3  2  2   718.68040 89.0   735.65814
  2  0  2   731.50542 47.8   735.69498    3  2  2   718.71797 74.9   735.69571
  2  0  2   731.64721 70.4   735.83677    4  2  2   713.11662 89.6   735.83770
  2  0  2   732.00604 74.4   736.19560    3  2  2   719.21749 82.3   736.19523
  2  0  2   732.42695 83.7   736.61651    4  2  2   713.89621 82.7   736.61729
  2  0  2   732.59677 73.5   736.78633    3  2  2   719.80924 72.8   736.78698
  2  0  2   732.79546 87.0   736.98502    3  2  2   720.00724 26.8   736.98498
  2  0  2   732.89064 36.9   737.08020    3  2  2   720.10257 41.7   737.08031
  2  0  2   732.91154 64.2   737.10110    3  2  2   720.12317  0.8   737.10091
  2  0  2   732.91691 57.0   737.10647    3  2  2   720.12853 53.9   737.10627
                                          4  2  2   714.38537 78.4   737.10645
  2  0  2   733.63876 71.5   737.82832    3  2  2   720.85053 65.8   737.82827
                                          4  2  2   715.10651 68.1   737.82759
  2  0  2   734.01782 73.1   738.20738    3  2  2   721.22927 86.6   738.20701
  2  0  2   734.08945 89.3   738.27901    3  2  2   721.30207 87.5   738.27981
  2  0  2   734.20729 25.4   738.39685    3  2  2   721.41847 52.8   738.39621
                                          4  2  2   715.67628 89.8   738.39736
  2  0  2   734.31579 83.4   738.50535    3  2  2   721.52798 47.8   738.50572
                                          4  2  2   715.78408 89.2   738.50516
  2  0  2   734.54262 60.6   738.73218    3  2  2   721.75527 86.9   738.73301
  2  0  2   734.64165 90.0   738.83121    4  2  2   716.11017 86.7   738.83125
  2  0  2   734.79427 89.7   738.98383    3  2  2   722.00627 85.9   738.98401
                                          4  2  2   716.26235 83.2   738.98343
  2  0  2   734.81477 87.5   739.00433    3  2  2   722.02708 75.8   739.00482
                                          4  2  2   716.28302 73.4   739.00410
  2  0  2   734.83758 79.4   739.02714    4  2  2   716.30633 84.2   739.02741
  2  0  2   734.84460 83.1   739.03416    4  2  2   716.31234 87.6   739.03342
  2  0  2   734.93774 64.2   739.12730    3  2  2   722.15030 84.7   739.12804
  2  0  2   735.13532 87.2   739.32488    4  2  2   716.60296 86.1   739.32404
  2  0  2   735.27675 84.1   739.46631    4  2  2   716.74568 83.2   739.46676
  2  0  2   735.57908 84.9   739.76864    3  2  2   722.79136 76.6   739.76910
  2  0  2   735.63664 88.9   739.82620    4  2  2   717.10425 82.2   739.82533
  2  0  2   735.65576 89.8   739.84532    4  2  2   717.12499 89.0   739.84607
  2  0  2   735.66004 88.3   739.84960    3  2  2   722.87094 84.6   739.84868
  3  2  2   713.06387 71.9   730.04161    4  2  2   707.32131 87.2   730.04239
  3  2  2   713.23235 75.6   730.21009    4  2  2   707.48940 62.5   730.21048
  3  2  2   715.09418 80.1   732.07192    4  2  2   709.35116 65.0   732.07224
  3  2  2   715.28849 78.4   732.26623    4  2  2   709.54444 77.8   732.26552
  3  2  2   715.48772 80.1   732.46546    4  2  2   709.74469 68.4   732.46577
  3  2  2   715.57921 81.2   732.55695    4  2  2   709.83687 73.1   732.55795
  3  2  2   716.06314 77.7   733.04088    4  2  2   710.31974 36.2   733.04082
  3  2  2   716.37928 88.5   733.35702    4  2  2   710.63618 40.6   733.35726
  3  2  2   716.53299 88.4   733.51073    4  2  2   710.78998 89.2   733.51106
  3  2  2   718.24543 77.8   735.22317    4  2  2   712.50249 72.2   735.22357
  3  2  2   718.86031 78.8   735.83805    4  2  2   713.11662 89.6   735.83770
  3  2  2   719.19360 89.2   736.17134    4  2  2   713.44949 58.9   736.17057
  3  2  2   719.73891 87.5   736.71665    4  2  2   713.99508 75.9   736.71616
  3  2  2   719.78494 88.6   736.76268    4  2  2   714.04108 68.5   736.76216
  3  2  2   719.79434 83.3   736.77208    4  2  2   714.05126 87.9   736.77234
  3  2  2   720.12853 53.9   737.10627    4  2  2   714.38537 78.4   737.10645
  3  2  2   720.62212 73.4   737.59986    4  2  2   714.87829 87.2   737.59937
  3  2  2   720.76094 87.9   737.73868    4  2  2   715.01777 87.7   737.73885
  3  2  2   720.85053 65.8   737.82827    4  2  2   715.10651 68.1   737.82759
  3  2  2   720.90651 59.6   737.88425    4  2  2   715.16375 66.7   737.88483
  3  2  2   721.15706 81.7   738.13480    4  2  2   715.41339 85.3   738.13447
  3  2  2   721.21498 85.1   738.19272    4  2  2   715.47217 86.7   738.19325
  3  2  2   721.36130 83.3   738.33904    4  2  2   715.61828 81.9   738.33936
  3  2  2   721.49621 90.0   738.47395    4  2  2   715.75283 84.1   738.47391
  3  2  2   721.52798 47.8   738.50572    4  2  2   715.78408 89.2   738.50516
  3  2  2   721.55532 61.6   738.53306    4  2  2   715.81117 89.2   738.53225
  3  2  2   721.66764 85.7   738.64538    4  2  2   715.92426 81.6   738.64534
  3  2  2   721.77770 65.8   738.75544    4  2  2   716.03426 82.7   738.75534
  3  2  2   721.83706 86.5   738.81480    4  2  2   716.09414 85.2   738.81522
  3  2  2   721.87437 63.3   738.85211    4  2  2   716.13172 76.1   738.85280
  3  2  2   721.93952 84.1   738.91726    4  2  2   716.19540 82.9   738.91648
  3  2  2   721.95549 59.9   738.93323    4  2  2   716.21192 86.8   738.93300
  3  2  2   722.00627 85.9   738.98401    4  2  2   716.26235 83.2   738.98343
  3  2  2   722.01538 67.4   738.99312    4  2  2   716.27225 85.5   738.99333
  3  2  2   722.02708 75.8   739.00482    4  2  2   716.28302 73.4   739.00410
  3  2  2   722.22422 80.6   739.20196    4  2  2   716.48165 76.7   739.20273
  3  2  2   722.22976 89.8   739.20750    4  2  2   716.48647 85.9   739.20755
  3  2  2   722.42268 89.7   739.40042    4  2  2   716.68010 80.3   739.40118
  3  2  2   722.56307 80.8   739.54081    4  2  2   716.82066 89.8   739.54174
  3  2  2   722.72434 60.7   739.70208    4  2  2   716.98068 80.7   739.70176
  3  2  2   722.95611 89.8   739.93385    4  2  2   717.21223 85.9   739.93331

 Searching   4  1  3 near    740.97345
 No   1:   3  0  3        8.34844  reg   727.625 -   737.625
 No   2:   4  2  3       22.56924  reg   713.404 -   723.404
 No   3:   5  2  3       29.89272  reg   706.081 -   716.081
  3  0  3   727.61965 45.1   735.96809    5  2  3   706.07617 69.8   735.96889
  3  0  3   727.66972 84.6   736.01816    4  2  3   713.44949 58.9   736.01873
  3  0  3   727.80058 88.8   736.14902    4  2  3   713.57931 89.5   736.14855
  3  0  3   727.94368 90.0   736.29212    5  2  3   706.39953 79.0   736.29225
  3  0  3   728.05531 61.6   736.40375    5  2  3   706.51065 74.7   736.40337
  3  0  3   728.39516 88.1   736.74360    4  2  3   714.17527 69.8   736.74451
  3  0  3   728.75708 89.8   737.10552    4  2  3   714.53639 82.7   737.10563
  3  0  3   728.76274 35.0   737.11118    4  2  3   714.54262 57.3   737.11186
  3  0  3   729.42517 84.9   737.77361    4  2  3   715.20363 84.5   737.77287
  3  0  3   729.43041 81.1   737.77885    4  2  3   715.21001 70.5   737.77925
  3  0  3   729.46168 81.2   737.81012    4  2  3   715.24075 53.5   737.80999
  3  0  3   729.58495 85.5   737.93339    4  2  3   715.36436 63.5   737.93360
  3  0  3   729.59897 89.6   737.94741    5  2  3   708.05556 48.6   737.94828
  3  0  3   729.91702 86.1   738.26546    4  2  3   715.69557 84.0   738.26481
  3  0  3   730.21579 82.3   738.56423    4  2  3   715.99467 74.8   738.56391
  3  0  3   730.27788 83.7   738.62632    4  2  3   716.05723 83.9   738.62647
  3  0  3   730.57146 65.6   738.91990    5  2  3   709.02685 87.4   738.91957
  3  0  3   730.61775 82.6   738.96619    4  2  3   716.39787 86.0   738.96711
  3  0  3   730.81609 81.0   739.16453    4  2  3   716.59559 59.3   739.16483
  3  0  3   730.89597 88.8   739.24441    5  2  3   709.35116 65.0   739.24388
  3  0  3   731.28897 88.6   739.63741    5  2  3   709.74469 68.4   739.63741
  3  0  3   731.40088 88.1   739.74932    4  2  3   717.18040 70.3   739.74964
  3  0  3   731.64721 70.4   739.99565    4  2  3   717.42705 72.4   739.99629
  3  0  3   732.83102 78.7   741.17946    4  2  3   718.61017 69.5   741.17941
                                          5  2  3   711.28674 79.5   741.17946
  3  0  3   732.85356 46.4   741.20200    4  2  3   718.63297 89.7   741.20221
  3  0  3   732.89064 36.9   741.23908    4  2  3   718.66924 84.4   741.23848
  3  0  3   732.89655 84.7   741.24499    4  2  3   718.67499 11.8   741.24423
  3  0  3   732.90205 30.1   741.25049    4  2  3   718.68040 89.0   741.24964
  3  0  3   733.02758 87.7   741.37602    5  2  3   711.48398 68.4   741.37670
  3  0  3   733.12596 81.3   741.47440    5  2  3   711.58254 89.2   741.47526
  3  0  3   733.55846 41.9   741.90690    4  2  3   719.33790 18.7   741.90714
  3  0  3   734.17073 77.6   742.51917    4  2  3   719.94961  7.2   742.51885
  3  0  3   734.28192 41.5   742.63036    4  2  3   720.06080  6.0   742.63004
  3  0  3   734.29242 52.5   742.64086    4  2  3   720.07161  9.7   742.64085
  3  0  3   734.31579 83.4   742.66423    4  2  3   720.09401  1.1   742.66325
  3  0  3   734.83758 79.4   743.18602    4  2  3   720.61646 89.2   743.18570
  3  0  3   734.88539 89.4   743.23383    5  2  3   713.34181 86.9   743.23453
  3  0  3   734.98840 89.6   743.33684    4  2  3   720.76717 69.3   743.33641
  3  0  3   735.39125 88.1   743.73969    4  2  3   721.17137 80.8   743.74061
  3  0  3   735.50393 81.5   743.85237    4  2  3   721.28222 73.8   743.85146
  3  0  3   735.53859 46.6   743.88703    5  2  3   713.99508 75.9   743.88780
  3  0  3   735.54850 88.4   743.89694    4  2  3   721.32857 87.6   743.89781
  3  0  3   735.64860 88.3   743.99704    4  2  3   721.42832 78.8   743.99756
  3  0  3   735.84299 90.0   744.19143    4  2  3   721.62233 50.7   744.19157
  3  0  3   736.15962 88.7   744.50806    4  2  3   721.93952 84.1   744.50876
                                          5  2  3   714.61490 85.0   744.50762
  3  0  3   736.33469 74.5   744.68313    4  2  3   722.11414 76.3   744.68338
                                          5  2  3   714.78958 23.5   744.68230
  3  0  3   736.34038 34.4   744.68882    5  2  3   714.79570 81.5   744.68842
  3  0  3   736.47509 46.6   744.82353    5  2  3   714.93120 87.8   744.82392
  3  0  3   736.57866 86.8   744.92710    5  2  3   715.03360 87.7   744.92632
  3  0  3   736.65016 87.9   744.99860    5  2  3   715.10651 68.1   744.99923
  3  0  3   736.72629 88.8   745.07473    5  2  3   715.18135 88.3   745.07407
  3  0  3   737.04447 88.5   745.39291    5  2  3   715.50024 72.0   745.39296
  3  0  3   737.13829 89.8   745.48673    5  2  3   715.59478 77.5   745.48750
  3  0  3   737.57300 22.2   745.92144    4  2  3   723.35193 70.9   745.92117
  3  0  3   737.57881 89.5   745.92725    5  2  3   716.03426 82.7   745.92698
  3  0  3   737.58329 86.6   745.93173    5  2  3   716.03856 83.2   745.93128
  3  0  3   737.62159 67.1   745.97003    4  2  3   723.40010 83.1   745.96934
                                          5  2  3   716.07783 80.1   745.97055
  4  2  3   713.97604 46.8   736.54528    5  2  3   706.65161 85.6   736.54433
  4  2  3   714.54945 69.8   737.11869    5  2  3   707.22645 71.2   737.11917
  4  2  3   715.31640 84.7   737.88564    5  2  3   707.99325 80.6   737.88597
  4  2  3   715.37997 78.7   737.94921    5  2  3   708.05556 48.6   737.94828
  4  2  3   715.60387 86.9   738.17311    5  2  3   708.27998 84.6   738.17270
  4  2  3   716.48647 85.9   739.05571    5  2  3   709.16232 59.5   739.05504
  4  2  3   716.68010 80.3   739.24934    5  2  3   709.35669 85.4   739.24941
  4  2  3   717.10425 82.2   739.67349    5  2  3   709.77983 81.9   739.67255
  4  2  3   717.14071 80.2   739.70995    5  2  3   709.81753 84.4   739.71025
  4  2  3   717.19222 53.9   739.76146    5  2  3   709.86923 81.6   739.76195
  4  2  3   717.48642 82.9   740.05566    5  2  3   710.16247 78.2   740.05519
  4  2  3   717.49961 74.1   740.06885    5  2  3   710.17603 82.6   740.06875
  4  2  3   717.61117 74.4   740.18041    5  2  3   710.28866 89.5   740.18138
  4  2  3   717.70926 85.5   740.27850    5  2  3   710.38560 89.2   740.27832
  4  2  3   718.24543 77.8   740.81467    5  2  3   710.92117 89.7   740.81389
  4  2  3   718.50872 81.6   741.07796    5  2  3   711.18485 87.5   741.07757
  4  2  3   718.61017 69.5   741.17941    5  2  3   711.28674 79.5   741.17946
  4  2  3   718.66483 83.1   741.23407    5  2  3   711.34087 77.7   741.23359
  4  2  3   718.96717 89.4   741.53641    5  2  3   711.64334 68.9   741.53606
  4  2  3   719.38443 88.8   741.95367    5  2  3   712.06027 89.3   741.95299
  4  2  3   720.12853 53.9   742.69777    5  2  3   712.80588 88.9   742.69860
  4  2  3   720.44604 86.9   743.01528    5  2  3   713.12196 75.6   743.01468
  4  2  3   720.65183 63.3   743.22107    5  2  3   713.32888 79.9   743.22160
  4  2  3   721.38133 86.3   743.95057    5  2  3   714.05701 31.3   743.94973
  4  2  3   721.85001 85.5   744.41925    5  2  3   714.52642 84.5   744.41914
  4  2  3   721.99319 88.2   744.56243    5  2  3   714.66942 68.3   744.56214
  4  2  3   722.34093 74.7   744.91017    5  2  3   715.01777 87.7   744.91049
  4  2  3   722.49265 85.1   745.06189    5  2  3   715.16907 87.2   745.06179
  4  2  3   722.52727 85.1   745.09651    5  2  3   715.20363 84.5   745.09635
  4  2  3   722.53259 79.6   745.10183    5  2  3   715.21001 70.5   745.10273
  4  2  3   722.55789 86.7   745.12713    5  2  3   715.23483 83.2   745.12755
  4  2  3   722.61114 74.9   745.18038    5  2  3   715.28849 78.4   745.18121
  4  2  3   722.70382 74.6   745.27306    5  2  3   715.37997 78.7   745.27269
  4  2  3   722.87094 84.6   745.44018    5  2  3   715.54805 87.1   745.44077
  4  2  3   722.92694 61.0   745.49618    5  2  3   715.60387 86.9   745.49659
  4  2  3   723.06166 86.8   745.63090    5  2  3   715.73724 77.4   745.62996
  4  2  3   723.10724 85.7   745.67648    5  2  3   715.78408 89.2   745.67680
  4  2  3   723.16835 31.9   745.73759    5  2  3   715.84570 84.9   745.73842
  4  2  3   723.20802 70.8   745.77726    5  2  3   715.88461 86.9   745.77733
  4  2  3   723.26544 87.4   745.83468    5  2  3   715.94256 78.8   745.83528

 Searching   5  1  4 near    748.35254
 No   1:   4  0  4       13.84736  reg   729.505 -   739.505
 No   2:   5  2  4       29.54562  reg   713.807 -   723.807
 No   3:   6  2  4       38.57011  reg   704.782 -   714.782
  4  0  4   729.53555 88.3   743.38291    6  2  4   704.81315 71.0   743.38326
  4  0  4   730.22496 79.0   744.07232    5  2  4   714.52642 84.5   744.07204
  4  0  4   730.24071 81.9   744.08807    5  2  4   714.54262 57.3   744.08824
  4  0  4   730.31283 78.3   744.16019    5  2  4   714.61490 85.0   744.16052
  4  0  4   730.34190 80.2   744.18926    6  2  4   705.61887 28.5   744.18898
  4  0  4   730.48076 88.8   744.32812    6  2  4   705.75840 86.5   744.32851
  4  0  4   730.89032 52.0   744.73768    5  2  4   715.19126 85.0   744.73688
  4  0  4   731.29358 80.6   745.14094    5  2  4   715.59478 77.5   745.14040
  4  0  4   731.45970 81.3   745.30706    6  2  4   706.73697 85.8   745.30708
  4  0  4   731.49319 76.7   745.34055    5  2  4   715.79422 75.8   745.33984
  4  0  4   731.78194 49.3   745.62930    5  2  4   716.08306 87.6   745.62868
  4  0  4   732.17932 72.5   746.02668    5  2  4   716.48165 76.7   746.02727
  4  0  4   732.21120 84.8   746.05856    6  2  4   707.48940 62.5   746.05951
  4  0  4   732.23160 53.7   746.07896    5  2  4   716.53299 88.4   746.07861
  4  0  4   732.89064 36.9   746.73800    5  2  4   717.19222 53.9   746.73784
  4  0  4   733.02758 87.7   746.87494    5  2  4   717.32980 76.7   746.87542
  4  0  4   733.12596 81.3   746.97332    5  2  4   717.42705 72.4   746.97267
  4  0  4   733.52954 89.8   747.37690    5  2  4   717.83180 84.1   747.37742
  4  0  4   733.85261 89.9   747.69997    5  2  4   718.15468 83.3   747.70030
  4  0  4   733.86904 89.8   747.71640    6  2  4   709.14636 61.1   747.71647
  4  0  4   733.98951 88.0   747.83687    5  2  4   718.29096 84.1   747.83658
  4  0  4   734.08275 86.8   747.93011    5  2  4   718.38445 88.9   747.93007
  4  0  4   734.20729 25.4   748.05465    5  2  4   718.50872 81.6   748.05434
  4  0  4   734.73613 89.0   748.58349    5  2  4   719.03779 85.6   748.58341
  4  0  4   734.85948 88.8   748.70684    5  2  4   719.16030  7.6   748.70592
  4  0  4   734.88539 89.4   748.73275    6  2  4   710.16247 78.2   748.73258
  4  0  4   734.90042 34.5   748.74778    5  2  4   719.20192 78.4   748.74754
  4  0  4   735.03301 81.6   748.88037    6  2  4   710.31099 87.1   748.88110
  4  0  4   735.09290 84.1   748.94026    6  2  4   710.37086 83.8   748.94097
  4  0  4   735.28900 84.2   749.13636    5  2  4   719.58975 74.5   749.13537
  4  0  4   735.50393 81.5   749.35129    5  2  4   719.80485 79.3   749.35047
  4  0  4   735.51352 90.0   749.36088    6  2  4   710.78998 89.2   749.36009
  4  0  4   735.53859 46.6   749.38595    5  2  4   719.84108 73.5   749.38670
  4  0  4   735.54345 79.0   749.39081    5  2  4   719.84519 87.0   749.39081
  4  0  4   735.54850 88.4   749.39586    5  2  4   719.85044 31.1   749.39606
  4  0  4   735.55308 89.1   749.40044    5  2  4   719.85570  0.5   749.40132
  4  0  4   735.55879 44.3   749.40615    5  2  4   719.86016 15.3   749.40578
  4  0  4   735.64860 88.3   749.49596    5  2  4   719.94961  7.2   749.49523
  4  0  4   735.85542 86.0   749.70278    6  2  4   711.13198 71.4   749.70209
  4  0  4   735.88000 78.9   749.72736    5  2  4   720.18080 41.4   749.72642
  4  0  4   735.98862 69.4   749.83598    6  2  4   711.26672 87.6   749.83683
  4  0  4   736.18123 88.6   750.02859    5  2  4   720.48349 78.5   750.02911
  4  0  4   736.23837 48.6   750.08573    5  2  4   720.54086 65.2   750.08648
  4  0  4   736.35105 18.7   750.19841    5  2  4   720.65183 63.3   750.19745
  4  0  4   736.50940 87.8   750.35676    6  2  4   711.78712 71.3   750.35723
  4  0  4   736.57866 86.8   750.42602    5  2  4   720.87978 79.0   750.42540
  4  0  4   736.85437 89.0   750.70173    5  2  4   721.15706 81.7   750.70268
  4  0  4   737.57300 22.2   751.42036    5  2  4   721.87437 63.3   751.41999
  4  0  4   737.57881 89.5   751.42617    5  2  4   721.87976 86.5   751.42538
  4  0  4   737.71376 76.1   751.56112    5  2  4   722.01538 67.4   751.56100
  4  0  4   738.23629 86.7   752.08365    5  2  4   722.53863 82.0   752.08425
  4  0  4   738.35612 74.4   752.20348    5  2  4   722.65718 76.5   752.20280
  4  0  4   738.89728 62.1   752.74464    6  2  4   714.17527 69.8   752.74538
  4  0  4   738.91132 90.0   752.75868    5  2  4   723.21402 70.7   752.75964
  4  0  4   739.17005 85.9   753.01741    6  2  4   714.44807 76.8   753.01818
  5  2  4   714.66942 68.3   744.21504    6  2  4   705.64445 78.9   744.21456
  5  2  4   715.10103 84.0   744.64665    6  2  4   706.07617 69.8   744.64628
  5  2  4   715.21941 55.9   744.76503    6  2  4   706.19430 63.5   744.76441
  5  2  4   715.48772 80.1   745.03334    6  2  4   706.46422 78.9   745.03433
  5  2  4   715.67628 89.8   745.22190    6  2  4   706.65161 85.6   745.22172
  5  2  4   715.96287 81.2   745.50849    6  2  4   706.93785 74.9   745.50796
  5  2  4   716.71785 78.7   746.26347    6  2  4   707.69303 88.1   746.26314
  5  2  4   716.74568 83.2   746.29130    6  2  4   707.72114 51.2   746.29125
  5  2  4   717.16450 76.0   746.71012    6  2  4   708.13933 83.7   746.70944
  5  2  4   717.36580 85.2   746.91142    6  2  4   708.34050 51.9   746.91061
  5  2  4   718.56932 81.8   748.11494    6  2  4   709.54444 77.8   748.11455
  5  2  4   718.69806 85.9   748.24368    6  2  4   709.67321 82.5   748.24332
  5  2  4   718.76884 89.6   748.31446    6  2  4   709.74469 68.4   748.31480
  5  2  4   718.83781 88.6   748.38343    6  2  4   709.81288 88.8   748.38299
  5  2  4   719.05409 65.4   748.59971    6  2  4   710.03032 68.2   748.60043
  5  2  4   719.32801 89.6   748.87363    6  2  4   710.30359 86.2   748.87370
  5  2  4   719.52630 83.1   749.07192    6  2  4   710.50200 75.6   749.07211
  5  2  4   719.88767 62.0   749.43329    6  2  4   710.86312 88.6   749.43323
  5  2  4   720.04421  1.3   749.58983    6  2  4   711.02012 72.2   749.59023
  5  2  4   720.22823 82.8   749.77385    6  2  4   711.20401 76.3   749.77412
  5  2  4   720.31130 45.5   749.85692    6  2  4   711.28674 79.5   749.85685
  5  2  4   720.66723 79.5   750.21285    6  2  4   711.64334 68.9   750.21345
  5  2  4   720.92264 76.1   750.46826    6  2  4   711.89846 56.1   750.46857
  5  2  4   721.08574 81.2   750.63136    6  2  4   712.06027 89.3   750.63038
  5  2  4   721.22927 86.6   750.77489    6  2  4   712.20413 89.9   750.77424
  5  2  4   721.37635 71.8   750.92197    6  2  4   712.35160 84.2   750.92171
  5  2  4   721.38133 86.3   750.92695    6  2  4   712.35713 81.4   750.92724
  5  2  4   722.65718 76.5   752.20280    6  2  4   713.63190 79.0   752.20201
  5  2  4   722.78029 84.7   752.32591    6  2  4   713.75530 67.8   752.32541
  5  2  4   723.59598 82.1   753.14160    6  2  4   714.57247 70.0   753.14258
  5  2  4   723.70610 76.8   753.25172    6  2  4   714.68095 74.4   753.25106

 Searching   6  1  5 near    757.17282
 No   1:   5  0  5       20.65134  reg   731.521 -   741.521
 No   2:   6  2  5       37.89832  reg   714.274 -   724.274
 No   3:   7  2  5       48.77161  reg   703.401 -   713.401
  5  0  5   732.00604 74.4   752.65738    7  2  5   703.88550 89.2   752.65711
  5  0  5   732.37106 69.9   753.02240    6  2  5   715.12342 70.2   753.02175
  5  0  5   732.59677 73.5   753.24811    6  2  5   715.34931 85.0   753.24763
  5  0  5   732.77963 73.7   753.43097    6  2  5   715.53238 87.6   753.43070
  5  0  5   732.79546 87.0   753.44680    6  2  5   715.54805 87.1   753.44637
  5  0  5   732.89655 84.7   753.54789    6  2  5   715.65052 89.9   753.54884
  5  0  5   732.93207 75.6   753.58341    6  2  5   715.68605 73.3   753.58437
  5  0  5   733.08459 67.1   753.73593    6  2  5   715.83766 86.3   753.73598
  5  0  5   733.52954 89.8   754.18088    6  2  5   716.28302 73.4   754.18134
  5  0  5   733.55846 41.9   754.20980    6  2  5   716.31234 87.6   754.21066
  5  0  5   733.86904 89.8   754.52038    6  2  5   716.62288 83.8   754.52120
  5  0  5   733.87283 88.1   754.52417    7  2  5   705.75284 22.9   754.52445
  5  0  5   734.01782 73.1   754.66916    6  2  5   716.77168 77.9   754.67000
  5  0  5   734.25126 89.1   754.90260    6  2  5   717.00373 87.5   754.90205
  5  0  5   734.28192 41.5   754.93326    7  2  5   706.16169 74.0   754.93330
  5  0  5   734.54262 60.6   755.19396    6  2  5   717.29597 72.7   755.19429
  5  0  5   734.71647 85.1   755.36781    6  2  5   717.47001 81.1   755.36833
  5  0  5   734.81477 87.5   755.46611    6  2  5   717.56743 82.4   755.46575
  5  0  5   734.93774 64.2   755.58908    6  2  5   717.69080 89.2   755.58912
  5  0  5   735.18001 72.9   755.83135    6  2  5   717.93349 81.6   755.83181
  5  0  5   735.50393 81.5   756.15527    7  2  5   707.38341 75.1   756.15502
  5  0  5   735.53859 46.6   756.18993    6  2  5   718.29096 84.1   756.18928
  5  0  5   735.88000 78.9   756.53134    6  2  5   718.63297 89.7   756.53129
  5  0  5   736.21504 26.1   756.86638    6  2  5   718.96717 89.4   756.86549
  5  0  5   736.45483 79.8   757.10617    6  2  5   719.20744 86.5   757.10576
  5  0  5   736.81736 64.0   757.46870    6  2  5   719.57086 64.5   757.46918
                                          7  2  5   708.69809 62.9   757.46970
  5  0  5   737.15283 86.3   757.80417    7  2  5   709.03264 89.6   757.80425
  5  0  5   737.57300 22.2   758.22434    6  2  5   720.32656 85.3   758.22488
  5  0  5   737.57881 89.5   758.23015    6  2  5   720.33107 82.6   758.22939
  5  0  5   737.58329 86.6   758.23463    6  2  5   720.33651 79.9   758.23483
  5  0  5   738.28214 61.4   758.93348    7  2  5   710.16247 78.2   758.93408
  5  0  5   738.29552 45.9   758.94686    7  2  5   710.17603 82.6   758.94764
  5  0  5   738.30747 87.2   758.95881    6  2  5   721.06111 83.6   758.95943
  5  0  5   738.39965 58.8   759.05099    7  2  5   710.27931 88.7   759.05092
  5  0  5   738.41434 85.8   759.06568    6  2  5   721.16656 87.1   759.06488
  5  0  5   738.48806 63.0   759.13940    6  2  5   721.24203 82.5   759.14035
  5  0  5   738.49456 20.7   759.14590    6  2  5   721.24751 63.3   759.14583
  5  0  5   738.50072 88.8   759.15206    7  2  5   710.38058 88.6   759.15219
  5  0  5   738.51001 87.5   759.16135    6  2  5   721.26230 25.2   759.16062
  5  0  5   738.62195 60.8   759.27329    7  2  5   710.50200 75.6   759.27361
  5  0  5   738.62756 89.3   759.27890    6  2  5   721.38133 86.3   759.27965
  5  0  5   739.04128 77.9   759.69262    7  2  5   710.92117 89.7   759.69278
  5  0  5   739.17005 85.9   759.82139    6  2  5   721.92231 60.1   759.82063
  5  0  5   739.47070 89.2   760.12204    6  2  5   722.22422 80.6   760.12254
  5  0  5   739.53433 79.1   760.18567    7  2  5   711.41373 85.0   760.18534
  5  0  5   739.60146 60.5   760.25280    6  2  5   722.35481 86.7   760.25313
  5  0  5   739.67057 39.0   760.32191    6  2  5   722.42268 89.7   760.32100
  5  0  5   739.69015 87.5   760.34149    6  2  5   722.44413 85.6   760.34245
  5  0  5   739.89380 87.4   760.54514    6  2  5   722.64626 85.7   760.54458
  5  0  5   740.29323 83.0   760.94457    6  2  5   723.04657 86.9   760.94489
  5  0  5   740.36894 86.7   761.02028    6  2  5   723.12133 63.0   761.01965
  5  0  5   740.43515 21.0   761.08649    7  2  5   712.31407 89.3   761.08568
  5  0  5   740.45413 76.7   761.10547    6  2  5   723.20802 70.8   761.10634
  5  0  5   740.47900 30.2   761.13034    6  2  5   723.23252 57.9   761.13084
  5  0  5   740.54108 74.4   761.19242    6  2  5   723.29359 52.5   761.19191
  5  0  5   740.82904 70.2   761.48038    6  2  5   723.58201 45.8   761.48033
  5  0  5   741.27482 89.1   761.92616    7  2  5   713.15372 84.2   761.92533
  5  0  5   741.28412 89.0   761.93546    6  2  5   724.03716 86.3   761.93548
  5  0  5   741.35700 81.4   762.00834    6  2  5   724.11037 88.8   762.00869
  6  2  5   714.44807 76.8   752.34639    7  2  5   703.57479 49.4   752.34640
  6  2  5   714.82232 81.2   752.72064    7  2  5   703.94900 88.1   752.72061
  6  2  5   715.18135 88.3   753.07967    7  2  5   704.30769 86.1   753.07930
  6  2  5   715.21941 55.9   753.11773    7  2  5   704.34642 46.9   753.11803
  6  2  5   715.23483 83.2   753.13315    7  2  5   704.36208 54.2   753.13369
  6  2  5   715.34931 85.0   753.24763    7  2  5   704.47515 88.1   753.24676
  6  2  5   715.68605 73.3   753.58437    7  2  5   704.81315 71.0   753.58476
  6  2  5   716.03426 82.7   753.93258    7  2  5   705.16138 88.3   753.93299
  6  2  5   716.48165 76.7   754.37997    7  2  5   705.60763 75.4   754.37924
  6  2  5   716.48647 85.9   754.38479    7  2  5   705.61294 85.3   754.38455
  6  2  5   717.10425 82.2   755.00257    7  2  5   706.23029 65.1   755.00190
  6  2  5   717.20746 77.2   755.10578    7  2  5   706.33468 89.7   755.10629
  6  2  5   717.23151 83.9   755.12983    7  2  5   706.35806 71.9   755.12967
  6  2  5   717.38436 89.4   755.28268    7  2  5   706.51065 74.7   755.28226
  6  2  5   717.61117 74.4   755.50949    7  2  5   706.73697 85.8   755.50858
  6  2  5   718.22299 84.9   756.12131    7  2  5   707.34930 89.6   756.12091
  6  2  5   718.36219 84.4   756.26051    7  2  5   707.48940 62.5   756.26101
  6  2  5   718.51422 81.3   756.41254    7  2  5   707.64025 87.0   756.41186
  6  2  5   719.48719 78.6   757.38551    7  2  5   708.61393 80.5   757.38554
  6  2  5   719.57086 64.5   757.46918    7  2  5   708.69809 62.9   757.46970
  6  2  5   719.83055 84.3   757.72887    7  2  5   708.95663 81.9   757.72824
  6  2  5   719.90685  8.2   757.80517    7  2  5   709.03264 89.6   757.80425
  6  2  5   719.96423  4.7   757.86255    7  2  5   709.09063 76.0   757.86224
  6  2  5   720.01887 34.1   757.91719    7  2  5   709.14636 61.1   757.91797
  6  2  5   720.12853 53.9   758.02685    7  2  5   709.25475 73.4   758.02636
  6  2  5   720.33107 82.6   758.22939    7  2  5   709.45753 72.2   758.22914
  6  2  5   720.54086 65.2   758.43918    7  2  5   709.66802 84.1   758.43963
  6  2  5   721.33372 81.8   759.23204    7  2  5   710.46049 76.4   759.23210
  6  2  5   721.47024 64.7   759.36856    7  2  5   710.59687 74.7   759.36848
  6  2  5   722.00627 85.9   759.90459    7  2  5   711.13198 71.4   759.90359
  6  2  5   722.02210 80.6   759.92042    7  2  5   711.14917 21.0   759.92078
  6  2  5   722.02708 75.8   759.92540    7  2  5   711.15476 88.2   759.92637
  6  2  5   722.05287 86.7   759.95119    7  2  5   711.17926 46.9   759.95087
  6  2  5   722.25282 78.0   760.15114    7  2  5   711.37980 78.7   760.15141
  6  2  5   722.61114 74.9   760.50946    7  2  5   711.73818 33.5   760.50979
  6  2  5   722.90490 62.6   760.80322    7  2  5   712.03091 87.9   760.80252
  6  2  5   723.79665 61.9   761.69497    7  2  5   712.92284 83.9   761.69445
  6  2  5   724.05572 71.2   761.95404    7  2  5   713.18197 81.5   761.95358
