Range    : 1.000
Accuracy : 0.001
Control file  : C2HD3gr   
Spectrum file : s         

 Searching   2  2  1 near    736.77805
 No   1:   1  1  1        3.45881  reg   732.319 -   734.319
 No   2:   2  1  1        6.60191  reg   729.176 -   731.176
 No   3:   3  3  1       27.70521  reg   708.073 -   710.073
  1  1  1   732.35990 56.1   735.81871    2  1  1   729.21753 64.4   735.81944
  1  1  1   732.38363 84.9   735.84244    2  1  1   729.24092 26.8   735.84283
  1  1  1   732.39852 45.3   735.85733    2  1  1   729.25496 77.1   735.85687
  1  1  1   732.42731 17.3   735.88612    2  1  1   729.28412 67.3   735.88603
  1  1  1   732.54076 31.3   735.99957    3  3  1   708.29451 78.9   735.99972
  1  1  1   732.56746 81.4   736.02627    2  1  1   729.42475 29.3   736.02666
  1  1  1   732.57344 70.5   736.03225    2  1  1   729.42956 17.2   736.03147
                                          3  3  1   708.32804 79.3   736.03325
  1  1  1   732.59780 13.3   736.05661    2  1  1   729.45394 83.4   736.05585
  1  1  1   732.61187 64.4   736.07068    2  1  1   729.46832 63.6   736.07023
                                          3  3  1   708.36506 79.2   736.07027
  1  1  1   732.63105 73.8   736.08986    2  1  1   729.48699 58.2   736.08890
  1  1  1   732.64359 83.8   736.10240    2  1  1   729.50028 83.4   736.10219
  1  1  1   732.64956 62.7   736.10837    2  1  1   729.50570 32.7   736.10761
                                          3  3  1   708.40385 72.0   736.10906
  1  1  1   732.66494 84.0   736.12375    2  1  1   729.52216 47.1   736.12407
  1  1  1   732.81080 62.6   736.26961    2  1  1   729.66824 61.0   736.27015
                                          3  3  1   708.56489 85.4   736.27010
  1  1  1   732.92522 69.1   736.38403    3  3  1   708.67801 68.7   736.38322
  1  1  1   732.96464 83.8   736.42345    2  1  1   729.82187 26.2   736.42378
  1  1  1   732.98769 30.6   736.44650    3  3  1   708.74132 79.4   736.44653
  1  1  1   732.99289 52.7   736.45170    3  3  1   708.74634 89.7   736.45155
  1  1  1   733.00351 85.3   736.46232    2  1  1   729.86027 59.5   736.46218
  1  1  1   733.00834 65.9   736.46715    2  1  1   729.86443 75.6   736.46634
  1  1  1   733.01298 65.1   736.47179    3  3  1   708.76578 18.2   736.47099
  1  1  1   733.02677 33.3   736.48558    3  3  1   708.78004 75.8   736.48525
  1  1  1   733.05664 71.8   736.51545    3  3  1   708.81115 75.2   736.51636
  1  1  1   733.06872 49.5   736.52753    3  3  1   708.82327 89.4   736.52848
  1  1  1   733.07473 56.0   736.53354    2  1  1   729.93252 31.8   736.53443
  1  1  1   733.11224 87.5   736.57105    3  3  1   708.86562 84.4   736.57083
  1  1  1   733.11853 39.4   736.57734    2  1  1   729.97516 73.1   736.57707
                                          3  3  1   708.87166 86.2   736.57687
  1  1  1   733.12568 14.4   736.58449    2  1  1   729.98343 21.5   736.58534
                                          3  3  1   708.87964 85.5   736.58485
  1  1  1   733.18312 87.0   736.64193    2  1  1   730.03965 64.5   736.64156
  1  1  1   733.18804 87.3   736.64685    2  1  1   730.04472 81.5   736.64663
  1  1  1   733.25434 49.1   736.71315    2  1  1   730.11155 74.0   736.71346
  1  1  1   733.27567 81.0   736.73448    2  1  1   730.13178 74.6   736.73369
  1  1  1   733.33092 81.0   736.78973    3  3  1   709.08431 89.1   736.78952
  1  1  1   733.34538 85.3   736.80419    2  1  1   730.20157 11.6   736.80348
  1  1  1   733.39784 86.3   736.85665    3  3  1   709.15155 84.5   736.85676
  1  1  1   733.41003 59.4   736.86884    2  1  1   730.26741 84.1   736.86932
  1  1  1   733.43483 46.6   736.89364    2  1  1   730.29261 85.1   736.89452
  1  1  1   733.44250 67.5   736.90131    3  3  1   709.19631 86.1   736.90152
  1  1  1   733.45575 72.2   736.91456    2  1  1   730.31288 12.6   736.91479
  1  1  1   733.46131 51.4   736.92012    2  1  1   730.31771 69.7   736.91962
  1  1  1   733.46697 72.3   736.92578    3  3  1   709.22042 83.1   736.92563
  1  1  1   733.50474 87.8   736.96355    2  1  1   730.36148 19.9   736.96339
  1  1  1   733.51229 87.7   736.97110    3  3  1   709.26511 78.5   736.97032
  1  1  1   733.54143 45.9   737.00024    2  1  1   730.39737 79.4   736.99928
  1  1  1   733.57407 76.3   737.03288    2  1  1   730.43021 77.7   737.03212
  1  1  1   733.58786 18.7   737.04667    2  1  1   730.44420 28.8   737.04611
                                          3  3  1   709.34220 15.6   737.04741
  1  1  1   733.60344 69.6   737.06225    3  3  1   709.35635 28.0   737.06156
  1  1  1   733.62711 70.5   737.08592    3  3  1   709.38104 88.0   737.08625
  1  1  1   733.64446 81.0   737.10327    2  1  1   730.50196 39.1   737.10387
  1  1  1   733.64996 65.4   737.10877    3  3  1   709.40430 81.4   737.10951
  1  1  1   733.65997 70.2   737.11878    2  1  1   730.51632 72.4   737.11823
  1  1  1   733.67150 58.1   737.13031    2  1  1   730.52789 48.3   737.12980
  1  1  1   733.67702 76.1   737.13583    2  1  1   730.53469 68.8   737.13660
  1  1  1   733.69531 49.0   737.15412    2  1  1   730.55202 22.1   737.15393
  1  1  1   733.72555 81.6   737.18436    2  1  1   730.58262 80.3   737.18453
  1  1  1   733.76816 76.1   737.22697    2  1  1   730.62489 59.4   737.22680
  1  1  1   733.82182 57.9   737.28063    2  1  1   730.67971 66.6   737.28162
  1  1  1   733.82843 61.5   737.28724    2  1  1   730.68603 10.0   737.28794
  1  1  1   733.84863 62.6   737.30744    2  1  1   730.70617 80.2   737.30808
  1  1  1   733.85779 83.3   737.31660    2  1  1   730.71554 70.1   737.31745
  1  1  1   733.87231 31.2   737.33112    2  1  1   730.72896 80.6   737.33087
  1  1  1   733.87829 86.5   737.33710    2  1  1   730.73484 37.9   737.33675
                                          3  3  1   709.63131 69.1   737.33652
  1  1  1   733.88462 70.8   737.34343    2  1  1   730.74102 74.5   737.34293
  1  1  1   733.90320 74.6   737.36201    3  3  1   709.65706 81.9   737.36227
  1  1  1   733.92029 68.2   737.37910    2  1  1   730.77666 72.4   737.37857
  1  1  1   733.94755 72.2   737.40636    2  1  1   730.80535 46.9   737.40726
  1  1  1   733.95334 57.1   737.41215    2  1  1   730.80999 83.6   737.41190
  1  1  1   733.99053 42.8   737.44934    2  1  1   730.84672 89.2   737.44863
  1  1  1   734.02400 30.4   737.48281    2  1  1   730.88181 48.0   737.48372
  1  1  1   734.09023 38.6   737.54904    2  1  1   730.94738 84.0   737.54929
  1  1  1   734.11467 64.9   737.57348    2  1  1   730.97100 35.0   737.57291
                                          3  3  1   709.86880 17.8   737.57401
  1  1  1   734.15211 82.5   737.61092    2  1  1   731.00942 63.3   737.61133
  1  1  1   734.17577 54.2   737.63458    2  1  1   731.03347 12.0   737.63538
  1  1  1   734.19386 79.1   737.65267    3  3  1   709.94655 85.3   737.65176
  1  1  1   734.30184 69.6   737.76065    2  1  1   731.15799 30.1   737.75990
                                          3  3  1   710.05462 63.8   737.75983
  1  1  1   734.30663 88.3   737.76544    2  1  1   731.16348 55.4   737.76539
                                          3  3  1   710.05995 83.8   737.76516
  2  1  1   729.18098 44.4   735.78289    3  3  1   708.07701 19.5   735.78222
  2  1  1   729.24856 43.4   735.85047    3  3  1   708.14587 45.2   735.85108
  2  1  1   729.27601 54.2   735.87792    3  3  1   708.17309 83.7   735.87830
  2  1  1   729.29324 67.6   735.89515    3  3  1   708.18945 89.8   735.89466
  2  1  1   729.33438 72.7   735.93629    3  3  1   708.23019 87.3   735.93540
  2  1  1   729.40144 19.4   736.00335    3  3  1   708.29909 69.6   736.00430
  2  1  1   729.40736 75.2   736.00927    3  3  1   708.30403 86.1   736.00923
  2  1  1   729.46832 63.6   736.07023    3  3  1   708.36506 79.2   736.07027
  2  1  1   729.47267 88.8   736.07458    3  3  1   708.36987 87.8   736.07508
  2  1  1   729.49145 39.1   736.09336    3  3  1   708.38784 89.3   736.09305
  2  1  1   729.53514 46.7   736.13705    3  3  1   708.43130 80.1   736.13651
  2  1  1   729.56556 82.1   736.16747    3  3  1   708.46193 63.2   736.16714
  2  1  1   729.58476 27.4   736.18667    3  3  1   708.48175 87.1   736.18696
  2  1  1   729.58967 17.8   736.19158    3  3  1   708.48635 85.2   736.19156
  2  1  1   729.62257 70.3   736.22448    3  3  1   708.51983 72.6   736.22504
  2  1  1   729.62761 70.4   736.22952    3  3  1   708.52414 29.1   736.22935
  2  1  1   729.65793 61.5   736.25984    3  3  1   708.55509 84.0   736.26030
  2  1  1   729.66824 61.0   736.27015    3  3  1   708.56489 85.4   736.27010
  2  1  1   729.75643 64.7   736.35834    3  3  1   708.65253 68.2   736.35774
  2  1  1   729.76247 55.4   736.36438    3  3  1   708.65905 36.2   736.36426
  2  1  1   729.76790 68.7   736.36981    3  3  1   708.66368 57.7   736.36889
  2  1  1   729.81204 27.0   736.41395    3  3  1   708.70839 87.9   736.41360
  2  1  1   729.92727 65.1   736.52918    3  3  1   708.82327 89.4   736.52848
  2  1  1   729.93764 82.9   736.53955    3  3  1   708.83355 87.6   736.53876
  2  1  1   729.97516 73.1   736.57707    3  3  1   708.87166 86.2   736.57687
  2  1  1   729.98343 21.5   736.58534    3  3  1   708.87964 85.5   736.58485
  2  1  1   730.06531 53.8   736.66722    3  3  1   708.96118 77.4   736.66639
  2  1  1   730.06906 58.6   736.67097    3  3  1   708.96652 85.3   736.67173
  2  1  1   730.08940 79.8   736.69131    3  3  1   708.98614 89.3   736.69135
  2  1  1   730.15521 56.6   736.75712    3  3  1   709.05159 88.3   736.75680
  2  1  1   730.27147 72.9   736.87338    3  3  1   709.16783 83.6   736.87304
  2  1  1   730.34820 58.5   736.95011    3  3  1   709.24479 75.2   736.95000
  2  1  1   730.50196 39.1   737.10387    3  3  1   709.39951 88.1   737.10472
  2  1  1   730.59353 32.6   737.19544    3  3  1   709.49066 51.4   737.19587
  2  1  1   730.59844 70.6   737.20035    3  3  1   709.49596 88.8   737.20117
  2  1  1   730.60866 68.6   737.21057    3  3  1   709.50465 78.2   737.20986
  2  1  1   730.61845 21.0   737.22036    3  3  1   709.51590 73.4   737.22111
  2  1  1   730.65564 59.4   737.25755    3  3  1   709.55219 78.2   737.25740
  2  1  1   730.70070 76.4   737.30261    3  3  1   709.59718 35.2   737.30239
  2  1  1   730.73484 37.9   737.33675    3  3  1   709.63131 69.1   737.33652
  2  1  1   730.74102 74.5   737.34293    3  3  1   709.63720 17.8   737.34241
  2  1  1   730.78080 25.7   737.38271    3  3  1   709.67758 88.8   737.38279
  2  1  1   730.79155 72.6   737.39346    3  3  1   709.68783 85.4   737.39304
  2  1  1   730.79958 23.6   737.40149    3  3  1   709.69656 26.0   737.40177
  2  1  1   730.88181 48.0   737.48372    3  3  1   709.77941 19.4   737.48462
  2  1  1   730.96535 82.4   737.56726    3  3  1   709.86304 64.7   737.56825
  2  1  1   731.01847 74.7   737.62038    3  3  1   709.91553 81.5   737.62074
  2  1  1   731.08981 74.7   737.69172    3  3  1   709.98604 75.5   737.69125
  2  1  1   731.13840 64.4   737.74031    3  3  1   710.03567 75.0   737.74088
  2  1  1   731.14421 52.3   737.74612    3  3  1   710.04049 52.2   737.74570
  2  1  1   731.15799 30.1   737.75990    3  3  1   710.05462 63.8   737.75983
  2  1  1   731.16348 55.4   737.76539    3  3  1   710.05995 83.8   737.76516

 Searching   3  2  2 near    740.97774
 No   1:   2  1  2        6.08707  reg   733.891 -   735.891
 No   2:   3  1  2       11.05245  reg   728.925 -   730.925
 No   3:   4  3  2       33.32401  reg   706.654 -   708.654
  2  1  2   733.89158 82.8   739.97865    3  1  2   728.92528 69.6   739.97773
  2  1  2   733.95334 57.1   740.04041    4  3  2   706.71558 81.6   740.03959
  2  1  2   733.98547 74.2   740.07254    4  3  2   706.74937 39.6   740.07338
  2  1  2   734.02400 30.4   740.11107    3  1  2   729.05854 48.6   740.11099
  2  1  2   734.02939 74.3   740.11646    3  1  2   729.06496 79.1   740.11741
                                          4  3  2   706.79230 89.0   740.11631
  2  1  2   734.05231 84.6   740.13938    3  1  2   729.08789 63.2   740.14034
                                          4  3  2   706.81616 73.5   740.14017
  2  1  2   734.07380 71.6   740.16087    4  3  2   706.83627 76.0   740.16028
  2  1  2   734.09023 38.6   740.17730    3  1  2   729.12568 54.1   740.17813
  2  1  2   734.09993 14.4   740.18700    3  1  2   729.13547 77.9   740.18792
                                          4  3  2   706.86376 77.2   740.18777
  2  1  2   734.11467 64.9   740.20174    3  1  2   729.14947 81.7   740.20192
  2  1  2   734.17577 54.2   740.26284    3  1  2   729.21050 82.9   740.26295
  2  1  2   734.18827 68.2   740.27535    3  1  2   729.22322 45.5   740.27567
                                          4  3  2   706.95148 72.7   740.27549
  2  1  2   734.19386 79.1   740.28093    3  1  2   729.22845 74.4   740.28090
                                          4  3  2   706.95688 85.0   740.28089
  2  1  2   734.23511 67.4   740.32218    3  1  2   729.27052 53.5   740.32297
  2  1  2   734.25708 75.1   740.34415    4  3  2   707.01937 87.0   740.34338
  2  1  2   734.30184 69.6   740.38891    4  3  2   707.06455 77.1   740.38856
  2  1  2   734.33931 57.0   740.42638    3  1  2   729.37382 40.5   740.42627
  2  1  2   734.40834 74.8   740.49541    4  3  2   707.17137 67.3   740.49538
  2  1  2   734.53712 85.8   740.62419    3  1  2   729.57169 66.2   740.62414
  2  1  2   734.58092 82.5   740.66799    4  3  2   707.34349 75.5   740.66750
  2  1  2   734.62202 55.3   740.70909    4  3  2   707.38445 12.4   740.70846
  2  1  2   734.62846 73.9   740.71553    3  1  2   729.66384 84.4   740.71629
  2  1  2   734.64246 45.2   740.72953    3  1  2   729.67724 74.1   740.72969
  2  1  2   734.64797 89.4   740.73504    3  1  2   729.68294 63.5   740.73539
  2  1  2   734.78738 85.8   740.87445    3  1  2   729.82187 26.2   740.87432
  2  1  2   734.81973 85.1   740.90680    3  1  2   729.85400 57.4   740.90645
  2  1  2   734.88442 47.3   740.97149    3  1  2   729.91806 33.6   740.97051
  2  1  2   734.89050 70.2   740.97757    4  3  2   707.65421 85.1   740.97822
  2  1  2   734.91940 88.4   741.00647    4  3  2   707.68239 28.9   741.00640
  2  1  2   734.98754 38.0   741.07461    3  1  2   730.02235 83.1   741.07480
  2  1  2   734.99300 77.0   741.08007    3  1  2   730.02733 45.4   741.07978
  2  1  2   734.99788 46.0   741.08495    3  1  2   730.03247 74.2   741.08492
  2  1  2   735.07604 88.3   741.16311    3  1  2   730.11155 74.0   741.16400
  2  1  2   735.09758 78.9   741.18465    3  1  2   730.13178 74.6   741.18423
  2  1  2   735.16595 68.2   741.25302    4  3  2   707.92977 87.1   741.25378
  2  1  2   735.20668 84.9   741.29375    4  3  2   707.97048 62.6   741.29449
  2  1  2   735.26750 73.4   741.35457    3  1  2   730.30190 60.9   741.35435
  2  1  2   735.27183 79.9   741.35890    3  1  2   730.30693 64.7   741.35938
  2  1  2   735.27738 24.5   741.36445    3  1  2   730.31288 12.6   741.36533
                                          4  3  2   708.04071 77.1   741.36472
  2  1  2   735.32399 72.8   741.41106    4  3  2   708.08782 87.9   741.41183
  2  1  2   735.33884 73.5   741.42591    4  3  2   708.10272 84.4   741.42673
  2  1  2   735.42831 82.1   741.51538    3  1  2   730.46317 20.6   741.51562
  2  1  2   735.47772 88.5   741.56479    4  3  2   708.24094 74.7   741.56495
  2  1  2   735.49327 82.3   741.58034    3  1  2   730.52789 48.3   741.58034
  2  1  2   735.51611 52.0   741.60318    4  3  2   708.27850 25.8   741.60251
  2  1  2   735.54807 69.4   741.63514    3  1  2   730.58262 80.3   741.63507
  2  1  2   735.57021 21.3   741.65728    4  3  2   708.33359 75.7   741.65760
  2  1  2   735.58965 81.9   741.67672    3  1  2   730.62489 59.4   741.67734
                                          4  3  2   708.35271 79.2   741.67672
  2  1  2   735.62496 79.9   741.71203    4  3  2   708.38784 89.3   741.71185
  2  1  2   735.63624 40.1   741.72331    4  3  2   708.39838 88.1   741.72239
  2  1  2   735.66062 34.2   741.74769    3  1  2   730.69519 59.5   741.74764
  2  1  2   735.69788 70.1   741.78495    4  3  2   708.46193 63.2   741.78594
  2  1  2   735.71902 59.1   741.80609    4  3  2   708.48175 87.1   741.80576
  2  1  2   735.80478 88.4   741.89185    3  1  2   730.83858 65.6   741.89103
  2  1  2   735.88977 54.2   741.97684    4  3  2   708.65253 68.2   741.97654
  3  1  2   729.04058 62.2   740.09303    4  3  2   706.76804 64.6   740.09205
  3  1  2   729.08789 63.2   740.14034    4  3  2   706.81616 73.5   740.14017
  3  1  2   729.10708 27.2   740.15953    4  3  2   706.83627 76.0   740.16028
  3  1  2   729.13547 77.9   740.18792    4  3  2   706.86376 77.2   740.18777
  3  1  2   729.14049 89.9   740.19294    4  3  2   706.86866 73.4   740.19267
  3  1  2   729.15437 79.0   740.20682    4  3  2   706.88348 82.1   740.20749
  3  1  2   729.16363 68.5   740.21608    4  3  2   706.89281 39.2   740.21682
  3  1  2   729.22322 45.5   740.27567    4  3  2   706.95148 72.7   740.27549
  3  1  2   729.22845 74.4   740.28090    4  3  2   706.95688 85.0   740.28089
  3  1  2   729.24856 43.4   740.30102    4  3  2   706.97658 61.3   740.30059
  3  1  2   729.40736 75.2   740.45981    4  3  2   707.13670 72.3   740.46071
  3  1  2   729.46832 63.6   740.52077    4  3  2   707.19738 86.6   740.52139
  3  1  2   729.68294 63.5   740.73539    4  3  2   707.41226 32.9   740.73627
  3  1  2   729.71039 78.0   740.76284    4  3  2   707.43816 70.5   740.76217
  3  1  2   729.83002 73.5   740.88247    4  3  2   707.55824 55.4   740.88225
  3  1  2   729.87711 66.3   740.92956    4  3  2   707.60536 87.2   740.92937
  3  1  2   729.88225 73.8   740.93470    4  3  2   707.61046 89.5   740.93447
  3  1  2   729.88716 51.9   740.93961    4  3  2   707.61564 64.0   740.93965
  3  1  2   729.98343 21.5   741.03588    4  3  2   707.71199 89.8   741.03600
  3  1  2   730.03965 64.5   741.09210    4  3  2   707.76749 60.6   741.09150
  3  1  2   730.06531 53.8   741.11776    4  3  2   707.79427 68.7   741.11828
  3  1  2   730.19119 74.7   741.24364    4  3  2   707.91865 89.7   741.24266
  3  1  2   730.20157 11.6   741.25402    4  3  2   707.92977 87.1   741.25378
  3  1  2   730.20636 77.4   741.25881    4  3  2   707.93449 73.0   741.25850
  3  1  2   730.22424 14.1   741.27669    4  3  2   707.95329 73.0   741.27730
  3  1  2   730.22979 76.8   741.28224    4  3  2   707.95788 85.0   741.28189
  3  1  2   730.24777 70.5   741.30022    4  3  2   707.97613 86.1   741.30014
  3  1  2   730.25290 86.9   741.30535    4  3  2   707.98093 88.9   741.30494
  3  1  2   730.25741 68.2   741.30986    4  3  2   707.98529 87.4   741.30930
  3  1  2   730.27147 72.9   741.32392    4  3  2   707.99961 76.7   741.32362
  3  1  2   730.31288 12.6   741.36533    4  3  2   708.04071 77.1   741.36472
  3  1  2   730.33712 77.9   741.38957    4  3  2   708.06537 79.9   741.38938
  3  1  2   730.34820 58.5   741.40065    4  3  2   708.07701 19.5   741.40102
  3  1  2   730.39737 79.4   741.44982    4  3  2   708.12670 84.6   741.45071
  3  1  2   730.44420 28.8   741.49665    4  3  2   708.17309 83.7   741.49710
  3  1  2   730.47677 22.9   741.52922    4  3  2   708.20559 89.1   741.52960
  3  1  2   730.50196 39.1   741.55441    4  3  2   708.23019 87.3   741.55420
  3  1  2   730.53469 68.8   741.58714    4  3  2   708.26358 81.1   741.58759
  3  1  2   730.55962 68.6   741.61207    4  3  2   708.28838 47.2   741.61239
  3  1  2   730.56542 74.0   741.61787    4  3  2   708.29451 78.9   741.61852
  3  1  2   730.62489 59.4   741.67734    4  3  2   708.35271 79.2   741.67672
  3  1  2   730.67449 58.9   741.72694    4  3  2   708.40385 72.0   741.72786
  3  1  2   730.76721 81.9   741.81966    4  3  2   708.49620 83.5   741.82021
  3  1  2   730.78673 74.8   741.83918    4  3  2   708.51432 78.1   741.83833
  3  1  2   730.79155 72.6   741.84400    4  3  2   708.51983 72.6   741.84384
  3  1  2   730.80535 46.9   741.85780    4  3  2   708.53392 39.7   741.85793

 Searching   4  2  3 near    746.56924
 No   1:   3  1  3       10.02318  reg   735.546 -   737.546
 No   2:   4  1  3       16.97345  reg   728.596 -   730.596
 No   3:   5  3  3       40.35448  reg   705.215 -   707.215
  3  1  3   735.54807 69.4   745.57125    4  1  3   728.59737 28.6   745.57082
  3  1  3   735.58965 81.9   745.61283    5  3  3   705.25800 78.4   745.61248
  3  1  3   735.63171 73.7   745.65489    5  3  3   705.29995 71.7   745.65443
  3  1  3   735.65640 38.7   745.67958    5  3  3   705.32523 85.9   745.67971
  3  1  3   735.67538 88.1   745.69856    4  1  3   728.72595 81.6   745.69940
  3  1  3   735.69206 85.7   745.71524    4  1  3   728.74112 24.7   745.71457
                                          5  3  3   705.36127 86.7   745.71575
  3  1  3   735.69788 70.1   745.72106    4  1  3   728.74680 80.9   745.72025
  3  1  3   735.71084 75.7   745.73402    5  3  3   705.37982 63.9   745.73430
  3  1  3   735.74042 81.9   745.76360    4  1  3   728.78944 18.5   745.76289
  3  1  3   735.78877 82.9   745.81195    5  3  3   705.45746 78.9   745.81194
  3  1  3   735.83752 84.6   745.86070    4  1  3   728.88700 61.5   745.86045
  3  1  3   735.85572 26.3   745.87890    4  1  3   728.90623 64.3   745.87968
  3  1  3   735.86203 89.6   745.88521    4  1  3   728.91261 52.6   745.88606
  3  1  3   735.86831 59.5   745.89149    4  1  3   728.91822 46.8   745.89167
  3  1  3   735.92022 87.4   745.94340    4  1  3   728.96966 68.3   745.94311
                                          5  3  3   705.58846 79.1   745.94294
  3  1  3   735.95800 84.9   745.98118    5  3  3   705.62599 87.9   745.98047
  3  1  3   735.96356 61.0   745.98674    5  3  3   705.63194 52.4   745.98642
  3  1  3   735.97796 65.3   746.00114    4  1  3   729.02864 34.6   746.00209
  3  1  3   736.01010 79.6   746.03328    5  3  3   705.67781 81.6   746.03229
  3  1  3   736.05566 11.8   746.07884    5  3  3   705.72452 76.6   746.07900
  3  1  3   736.11627 41.5   746.13945    5  3  3   705.78438 18.4   746.13886
  3  1  3   736.13582 88.3   746.15900    5  3  3   705.80388 60.3   746.15836
  3  1  3   736.13985 76.6   746.16303    4  1  3   729.18866 46.8   746.16211
  3  1  3   736.15907 28.1   746.18225    5  3  3   705.82803 85.8   746.18251
  3  1  3   736.19177 79.9   746.21495    4  1  3   729.24092 26.8   746.21437
  3  1  3   736.19656 77.2   746.21974    5  3  3   705.86524 16.6   746.21972
  3  1  3   736.22145 66.5   746.24463    4  1  3   729.27052 53.5   746.24397
                                          5  3  3   705.89021 84.1   746.24469
  3  1  3   736.22649 87.6   746.24967    4  1  3   729.27601 54.2   746.24946
                                          5  3  3   705.89492 88.8   746.24940
  3  1  3   736.23164 69.7   746.25482    5  3  3   705.89965 84.4   746.25413
  3  1  3   736.28235 88.9   746.30553    5  3  3   705.95154 77.0   746.30602
  3  1  3   736.29170 81.5   746.31488    5  3  3   705.95951 78.6   746.31399
  3  1  3   736.29591 88.1   746.31909    4  1  3   729.34611 22.3   746.31956
  3  1  3   736.30688 55.9   746.33006    5  3  3   705.97563 70.6   746.33011
  3  1  3   736.32590 80.4   746.34908    5  3  3   705.99451 77.9   746.34899
  3  1  3   736.37600 79.2   746.39918    4  1  3   729.42475 29.3   746.39820
  3  1  3   736.39009 55.6   746.41327    4  1  3   729.43918 45.6   746.41263
                                          5  3  3   706.05916 86.6   746.41364
  3  1  3   736.43731 60.0   746.46049    4  1  3   729.48699 58.2   746.46044
                                          5  3  3   706.10550 87.4   746.45998
  3  1  3   736.45480 19.2   746.47798    5  3  3   706.12427 88.2   746.47875
  3  1  3   736.46094 61.6   746.48412    4  1  3   729.51117 63.4   746.48462
  3  1  3   736.48453 87.3   746.50771    4  1  3   729.53514 46.7   746.50859
                                          5  3  3   706.15283 66.8   746.50731
  3  1  3   736.51106 69.4   746.53424    4  1  3   729.56026 22.4   746.53371
                                          5  3  3   706.18050 71.2   746.53498
  3  1  3   736.53851 63.8   746.56169    5  3  3   706.20678 51.9   746.56126
  3  1  3   736.55192 87.2   746.57510    5  3  3   706.22072 67.4   746.57520
  3  1  3   736.57884 46.7   746.60202    4  1  3   729.62761 70.4   746.60106
  3  1  3   736.61508 51.8   746.63826    4  1  3   729.66384 84.4   746.63729
  3  1  3   736.63982 47.9   746.66300    5  3  3   706.30898 63.0   746.66346
  3  1  3   736.66078 73.2   746.68396    4  1  3   729.71039 78.0   746.68384
  3  1  3   736.67171 85.8   746.69489    5  3  3   706.34003 86.1   746.69451
  3  1  3   736.67799 57.2   746.70117    4  1  3   729.72674 50.0   746.70019
                                          5  3  3   706.34636 66.0   746.70084
  3  1  3   736.68337 86.3   746.70655    5  3  3   706.35283 26.3   746.70731
  3  1  3   736.70828 89.0   746.73146    5  3  3   706.37658 83.9   746.73106
  3  1  3   736.71338 14.2   746.73656    4  1  3   729.76247 55.4   746.73592
                                          5  3  3   706.38221 89.7   746.73669
  3  1  3   736.74366 59.0   746.76684    5  3  3   706.41222 73.9   746.76670
  3  1  3   736.77928 60.3   746.80246    5  3  3   706.44817 69.5   746.80265
  3  1  3   736.78528 87.5   746.80846    5  3  3   706.45368 87.9   746.80816
  3  1  3   736.82298 64.3   746.84616    5  3  3   706.49255 89.2   746.84703
  3  1  3   736.86850 85.5   746.89168    4  1  3   729.91806 33.6   746.89151
                                          5  3  3   706.53623 87.9   746.89071
  3  1  3   736.88331 83.8   746.90649    4  1  3   729.93252 31.8   746.90597
  3  1  3   736.90660 57.5   746.92978    4  1  3   729.95572 16.9   746.92917
                                          5  3  3   706.57596 82.4   746.93044
  3  1  3   736.94871 46.1   746.97189    5  3  3   706.61677 75.0   746.97125
  3  1  3   736.97302 74.2   746.99620    4  1  3   730.02235 83.1   746.99580
  3  1  3   736.97733 88.9   747.00051    4  1  3   730.02733 45.4   747.00078
  3  1  3   737.00567 88.5   747.02885    4  1  3   730.05502 79.7   747.02847
  3  1  3   737.01089 70.2   747.03407    4  1  3   730.05996 58.0   747.03341
  3  1  3   737.01579 70.7   747.03897    4  1  3   730.06531 53.8   747.03876
  3  1  3   737.03414 16.3   747.05732    4  1  3   730.08355 32.3   747.05700
                                          5  3  3   706.70320 82.0   747.05768
  3  1  3   737.06783 89.2   747.09101    5  3  3   706.73745 27.3   747.09193
  3  1  3   737.09188 62.6   747.11506    4  1  3   730.14121 82.5   747.11466
  3  1  3   737.12311 67.2   747.14629    5  3  3   706.79230 89.0   747.14678
  3  1  3   737.13200 64.4   747.15518    4  1  3   730.18109 62.0   747.15454
  3  1  3   737.13836 41.7   747.16154    5  3  3   706.80732 79.2   747.16180
  3  1  3   737.16318 83.0   747.18636    5  3  3   706.83134 84.3   747.18582
  3  1  3   737.16815 78.8   747.19133    5  3  3   706.83627 76.0   747.19075
  3  1  3   737.20269 55.7   747.22587    4  1  3   730.25290 86.9   747.22635
  3  1  3   737.21420 80.5   747.23738    5  3  3   706.88348 82.1   747.23796
  3  1  3   737.22437 49.6   747.24755    5  3  3   706.89281 39.2   747.24729
  3  1  3   737.23439 86.4   747.25757    5  3  3   706.90275 80.7   747.25723
  3  1  3   737.24374 82.3   747.26692    4  1  3   730.29261 85.1   747.26606
                                          5  3  3   706.91306 83.6   747.26754
  3  1  3   737.25767 67.6   747.28085    4  1  3   730.30693 64.7   747.28038
  3  1  3   737.26180 67.5   747.28498    5  3  3   706.93092 60.6   747.28540
  3  1  3   737.26787 84.7   747.29105    4  1  3   730.31771 69.7   747.29116
                                          5  3  3   706.93658 10.1   747.29106
  3  1  3   737.34056 80.1   747.36374    5  3  3   707.01015 89.8   747.36463
  3  1  3   737.34598 68.1   747.36916    5  3  3   707.01502 81.8   747.36950
  3  1  3   737.35045 76.8   747.37363    5  3  3   707.01937 87.0   747.37385
  3  1  3   737.41066 88.1   747.43384    5  3  3   707.08010 65.9   747.43458
  3  1  3   737.43620 59.4   747.45938    4  1  3   730.48619 56.2   747.45964
  3  1  3   737.46744 17.0   747.49062    4  1  3   730.51632 72.4   747.48977
                                          5  3  3   707.13670 72.3   747.49118
  3  1  3   737.53268 74.9   747.55586    4  1  3   730.58262 80.3   747.55607
  3  1  3   737.53933 71.8   747.56251    5  3  3   707.20730 83.6   747.56178
  3  1  3   737.54468 73.4   747.56786    4  1  3   730.59353 32.6   747.56698
  4  1  3   728.61282 70.5   745.58627    5  3  3   705.23144 70.6   745.58592
  4  1  3   728.61871 66.8   745.59216    5  3  3   705.23741 71.3   745.59189
  4  1  3   728.64944 78.7   745.62289    5  3  3   705.26861 76.6   745.62309
  4  1  3   728.70049 86.6   745.67394    5  3  3   705.31863 31.2   745.67311
  4  1  3   728.80953 85.6   745.78298    5  3  3   705.42914 77.6   745.78362
  4  1  3   728.85219 49.1   745.82564    5  3  3   705.47159 76.2   745.82607
  4  1  3   728.86135 48.0   745.83480    5  3  3   705.48014 88.5   745.83462
  4  1  3   728.90623 64.3   745.87968    5  3  3   705.52563 66.9   745.88011
  4  1  3   728.96966 68.3   745.94311    5  3  3   705.58846 79.1   745.94294
  4  1  3   728.98111 89.7   745.95456    5  3  3   705.60077 62.9   745.95525
  4  1  3   729.05854 48.6   746.03199    5  3  3   705.67781 81.6   746.03229
  4  1  3   729.15437 79.0   746.12782    5  3  3   705.77267 78.2   746.12715
  4  1  3   729.25496 77.1   746.22841    5  3  3   705.87359 65.9   746.22807
  4  1  3   729.27052 53.5   746.24397    5  3  3   705.89021 84.1   746.24469
  4  1  3   729.27601 54.2   746.24946    5  3  3   705.89492 88.8   746.24940
  4  1  3   729.28412 67.3   746.25757    5  3  3   705.90405 89.0   746.25853
  4  1  3   729.31642 85.7   746.28987    5  3  3   705.93540 59.9   746.28988
  4  1  3   729.32277 61.2   746.29622    5  3  3   705.94157 85.3   746.29605
  4  1  3   729.42475 29.3   746.39820    5  3  3   706.04363 81.3   746.39811
  4  1  3   729.47267 88.8   746.44612    5  3  3   706.09109 46.1   746.44557
  4  1  3   729.48228 44.1   746.45573    5  3  3   706.10144 86.8   746.45592
  4  1  3   729.48699 58.2   746.46044    5  3  3   706.10550 87.4   746.45998
  4  1  3   729.50570 32.7   746.47915    5  3  3   706.12427 88.2   746.47875
  4  1  3   729.52216 47.1   746.49561    5  3  3   706.14175 80.5   746.49623
  4  1  3   729.59772 37.2   746.57117    5  3  3   706.21639 83.0   746.57087
  4  1  3   729.67724 74.1   746.65069    5  3  3   706.29590 86.6   746.65038
  4  1  3   729.68294 63.5   746.65639    5  3  3   706.30091 87.6   746.65539
  4  1  3   729.72674 50.0   746.70019    5  3  3   706.34636 66.0   746.70084
  4  1  3   729.76247 55.4   746.73592    5  3  3   706.38221 89.7   746.73669
  4  1  3   729.76790 68.7   746.74135    5  3  3   706.38767 58.5   746.74215
  4  1  3   729.77454 67.0   746.74799    5  3  3   706.39400 49.8   746.74848
  4  1  3   729.83002 73.5   746.80347    5  3  3   706.44817 69.5   746.80265
  4  1  3   729.84564 54.7   746.81909    5  3  3   706.46370 15.4   746.81818
  4  1  3   729.88225 73.8   746.85570    5  3  3   706.50063 76.5   746.85511
  4  1  3   729.90195 54.0   746.87540    5  3  3   706.52066 76.7   746.87514
  4  1  3   729.90649 42.2   746.87994    5  3  3   706.52547 65.3   746.87995
  4  1  3   729.91806 33.6   746.89151    5  3  3   706.53623 87.9   746.89071
  4  1  3   729.93764 82.9   746.91109    5  3  3   706.55742 29.7   746.91190
  4  1  3   729.97039 75.9   746.94384    5  3  3   706.58980 78.5   746.94428
  4  1  3   730.02235 83.1   746.99580    5  3  3   706.64061 81.6   746.99509
  4  1  3   730.03247 74.2   747.00592    5  3  3   706.65190 29.5   747.00638
  4  1  3   730.04472 81.5   747.01817    5  3  3   706.66432 44.1   747.01880
  4  1  3   730.05026 57.5   747.02371    5  3  3   706.66979 84.0   747.02427
  4  1  3   730.08355 32.3   747.05700    5  3  3   706.70320 82.0   747.05768
  4  1  3   730.11155 74.0   747.08500    5  3  3   706.73090 64.6   747.08538
  4  1  3   730.13655 70.4   747.11000    5  3  3   706.75531 85.0   747.10979
  4  1  3   730.14905 87.7   747.12250    5  3  3   706.76804 64.6   747.12252
  4  1  3   730.19119 74.7   747.16464    5  3  3   706.81075 75.4   747.16523
  4  1  3   730.28295 79.2   747.25640    5  3  3   706.90275 80.7   747.25723
  4  1  3   730.31288 12.6   747.28633    5  3  3   706.93092 60.6   747.28540
  4  1  3   730.31771 69.7   747.29116    5  3  3   706.93658 10.1   747.29106
  4  1  3   730.33160 53.0   747.30505    5  3  3   706.95148 72.7   747.30596
  4  1  3   730.33712 77.9   747.31057    5  3  3   706.95688 85.0   747.31136
  4  1  3   730.34820 58.5   747.32165    5  3  3   706.96671 23.2   747.32119
  4  1  3   730.37155 59.2   747.34500    5  3  3   706.99124 83.4   747.34572
  4  1  3   730.43021 77.7   747.40366    5  3  3   707.04958 87.0   747.40406
  4  1  3   730.49099 87.8   747.46444    5  3  3   707.10951 84.1   747.46399
  4  1  3   730.49569 38.0   747.46914    5  3  3   707.11556 15.7   747.47004
  4  1  3   730.55202 22.1   747.52547    5  3  3   707.17137 67.3   747.52585
  4  1  3   730.55962 68.6   747.53307    5  3  3   707.17782 71.4   747.53230
  4  1  3   730.59844 70.6   747.57189    5  3  3   707.21773 52.6   747.57221

 Searching   5  2  4 near    753.54562
 No   1:   4  1  4       15.26012  reg   737.285 -   739.285
 No   2:   5  1  4       24.35254  reg   728.193 -   730.193
 No   3:   6  3  4       48.79940  reg   703.746 -   705.746
  4  1  4   737.39333 47.2   752.65345    6  3  4   703.85402 77.8   752.65342
  4  1  4   737.40560 66.6   752.66572    5  1  4   728.31252 32.6   752.66506
                                          6  3  4   703.86645 83.6   752.66585
  4  1  4   737.41066 88.1   752.67078    5  1  4   728.31802 70.6   752.67056
                                          6  3  4   703.87117 86.5   752.67057
  4  1  4   737.42510 19.7   752.68522    6  3  4   703.88572 36.0   752.68512
  4  1  4   737.45732 49.7   752.71744    5  1  4   728.36544 42.2   752.71798
  4  1  4   737.48221 78.8   752.74233    6  3  4   703.94392 20.0   752.74332
  4  1  4   737.49788 76.8   752.75800    5  1  4   728.40471 88.7   752.75725
  4  1  4   737.51431 85.4   752.77443    6  3  4   703.97455 22.6   752.77395
  4  1  4   737.52520 89.4   752.78532    5  1  4   728.43338 60.2   752.78592
  4  1  4   737.54468 73.4   752.80480    5  1  4   728.45271 86.0   752.80525
  4  1  4   737.56429 79.1   752.82441    6  3  4   704.02503 83.8   752.82443
  4  1  4   737.58737 82.1   752.84749    5  1  4   728.49460 42.9   752.84714
  4  1  4   737.60540 86.2   752.86552    5  1  4   728.51327 49.0   752.86581
                                          6  3  4   704.06687 18.9   752.86627
  4  1  4   737.61031 70.4   752.87043    5  1  4   728.51797 26.7   752.87051
  4  1  4   737.69061 70.6   752.95074    5  1  4   728.59737 28.6   752.94991
  4  1  4   737.70550 73.7   752.96562    5  1  4   728.61282 70.5   752.96536
  4  1  4   737.78960 84.4   753.04972    6  3  4   704.25077 66.0   753.05017
  4  1  4   737.79682 75.9   753.05694    6  3  4   704.25698 75.9   753.05638
  4  1  4   737.86054 87.1   753.12066    6  3  4   704.32117 83.1   753.12057
  4  1  4   737.86538 85.0   753.12550    6  3  4   704.32690 42.5   753.12630
  4  1  4   737.90628 80.9   753.16640    6  3  4   704.36723 80.1   753.16663
  4  1  4   737.91074 89.1   753.17086    6  3  4   704.37221 78.1   753.17161
  4  1  4   737.96874 65.9   753.22886    6  3  4   704.42930 57.1   753.22870
  4  1  4   738.05448 70.4   753.31460    5  1  4   728.96119 64.2   753.31373
                                          6  3  4   704.51515 77.0   753.31455
  4  1  4   738.05940 57.4   753.31952    6  3  4   704.52030 75.0   753.31970
  4  1  4   738.09355 59.5   753.35367    5  1  4   729.00143 24.0   753.35397
  4  1  4   738.12818 83.6   753.38830    5  1  4   729.03492 85.1   753.38746
  4  1  4   738.14306 88.2   753.40318    5  1  4   729.05080 62.3   753.40334
  4  1  4   738.15104 74.2   753.41116    5  1  4   729.05854 48.6   753.41108
  4  1  4   738.25490 86.4   753.51502    6  3  4   704.71645 85.3   753.51585
  4  1  4   738.30202 71.3   753.56214    5  1  4   729.21050 82.9   753.56304
  4  1  4   738.31311 70.3   753.57323    6  3  4   704.77417 26.6   753.57357
  4  1  4   738.31832 31.1   753.57844    6  3  4   704.77978 80.8   753.57918
  4  1  4   738.34056 84.1   753.60068    5  1  4   729.24856 43.4   753.60110
  4  1  4   738.38557 65.1   753.64569    5  1  4   729.29324 67.6   753.64578
                                          6  3  4   704.84634 54.7   753.64574
  4  1  4   738.43944 67.5   753.69956    5  1  4   729.34611 22.3   753.69865
                                          6  3  4   704.89936 67.3   753.69876
  4  1  4   738.48179 81.6   753.74191    6  3  4   704.94313 85.0   753.74253
  4  1  4   738.51022 41.4   753.77034    5  1  4   729.41810 61.5   753.77064
  4  1  4   738.51675 51.5   753.77687    5  1  4   729.42475 29.3   753.77729
                                          6  3  4   704.97827 47.2   753.77767
  4  1  4   738.53176 73.3   753.79188    5  1  4   729.43918 45.6   753.79172
  4  1  4   738.54406 64.5   753.80418    6  3  4   705.00389 80.7   753.80329
  4  1  4   738.56727 83.8   753.82739    6  3  4   705.02885 62.5   753.82825
  4  1  4   738.58193 86.2   753.84205    6  3  4   705.04364 85.9   753.84304
  4  1  4   738.59180 55.7   753.85192    5  1  4   729.50028 83.4   753.85282
  4  1  4   738.61589 29.7   753.87601    6  3  4   705.07737 59.7   753.87677
  4  1  4   738.62752 60.7   753.88764    5  1  4   729.53514 46.7   753.88768
  4  1  4   738.72660 79.8   753.98672    6  3  4   705.18715 85.7   753.98655
  4  1  4   738.75207 70.3   754.01219    6  3  4   705.21310 64.1   754.01250
  4  1  4   738.78464 81.6   754.04476    5  1  4   729.69189 66.5   754.04443
  4  1  4   738.78853 79.7   754.04865    6  3  4   705.24855 68.3   754.04795
  4  1  4   738.90494 41.2   754.16506    5  1  4   729.81204 27.0   754.16458
  4  1  4   738.93839 86.6   754.19851    5  1  4   729.84564 54.7   754.19818
  4  1  4   738.95320 78.6   754.21332    5  1  4   729.86027 59.5   754.21281
  4  1  4   738.99466 49.0   754.25478    5  1  4   729.90195 54.0   754.25449
  4  1  4   738.99985 62.8   754.25997    5  1  4   729.90649 42.2   754.25903
                                          6  3  4   705.46114 85.5   754.26054
  4  1  4   739.02944 45.9   754.28956    5  1  4   729.93764 82.9   754.29018
  4  1  4   739.04974 88.0   754.30986    6  3  4   705.50949 60.3   754.30889
  4  1  4   739.12865 77.2   754.38877    6  3  4   705.58846 79.1   754.38786
  4  1  4   739.13907 44.7   754.39919    6  3  4   705.60077 62.9   754.40017
  4  1  4   739.17627 76.5   754.43639    5  1  4   730.08355 32.3   754.43609
                                          6  3  4   705.63772 89.1   754.43712
  4  1  4   739.19930 14.7   754.45942    5  1  4   730.10694 81.9   754.45948
  4  1  4   739.20450 68.0   754.46462    5  1  4   730.11155 74.0   754.46409
  4  1  4   739.24131 55.6   754.50143    5  1  4   730.14905 87.7   754.50159
  4  1  4   739.26393 30.3   754.52405    6  3  4   705.72452 76.6   754.52392
  4  1  4   739.27376 53.9   754.53388    5  1  4   730.18109 62.0   754.53363
  4  1  4   739.30208 51.1   754.56220    6  3  4   705.76335 86.2   754.56275
  5  1  4   728.20513 46.1   752.55767    6  3  4   703.75752 87.6   752.55692
  5  1  4   728.21008 36.2   752.56262    6  3  4   703.76226 65.7   752.56166
  5  1  4   728.26117 46.9   752.61371    6  3  4   703.81473 63.0   752.61413
  5  1  4   728.28594 16.9   752.63848    6  3  4   703.83852 66.7   752.63792
  5  1  4   728.31252 32.6   752.66506    6  3  4   703.86645 83.6   752.66585
  5  1  4   728.31802 70.6   752.67056    6  3  4   703.87117 86.5   752.67057
  5  1  4   728.33876 68.9   752.69130    6  3  4   703.89177 54.9   752.69117
  5  1  4   728.39108 23.4   752.74362    6  3  4   703.94392 20.0   752.74332
  5  1  4   728.39605 33.9   752.74859    6  3  4   703.94903 37.7   752.74843
  5  1  4   728.42947 51.6   752.78201    6  3  4   703.98288 86.9   752.78228
  5  1  4   728.51327 49.0   752.86581    6  3  4   704.06687 18.9   752.86627
  5  1  4   728.74112 24.7   753.09366    6  3  4   704.29401 57.4   753.09341
  5  1  4   728.81502 56.5   753.16756    6  3  4   704.36723 80.1   753.16663
  5  1  4   728.91261 52.6   753.26515    6  3  4   704.46593 79.3   753.26533
  5  1  4   728.96119 64.2   753.31373    6  3  4   704.51515 77.0   753.31455
  5  1  4   729.04058 62.2   753.39312    6  3  4   704.59443 70.0   753.39383
  5  1  4   729.12568 54.1   753.47822    6  3  4   704.67904 66.8   753.47844
  5  1  4   729.16363 68.5   753.51617    6  3  4   704.71645 85.3   753.51585
  5  1  4   729.24092 26.8   753.59346    6  3  4   704.79390 84.4   753.59330
  5  1  4   729.27052 53.5   753.62306    6  3  4   704.82343 79.9   753.62283
  5  1  4   729.29324 67.6   753.64578    6  3  4   704.84634 54.7   753.64574
  5  1  4   729.30320 61.3   753.65574    6  3  4   704.85630 75.4   753.65570
  5  1  4   729.32277 61.2   753.67531    6  3  4   704.87539 85.7   753.67479
  5  1  4   729.34611 22.3   753.69865    6  3  4   704.89936 67.3   753.69876
  5  1  4   729.42475 29.3   753.77729    6  3  4   704.97827 47.2   753.77767
  5  1  4   729.42956 17.2   753.78210    6  3  4   704.98359 80.5   753.78299
  5  1  4   729.44529 47.7   753.79783    6  3  4   704.99873 82.5   753.79813
  5  1  4   729.48699 58.2   753.83953    6  3  4   705.03926 75.1   753.83866
  5  1  4   729.49145 39.1   753.84399    6  3  4   705.04364 85.9   753.84304
  5  1  4   729.56026 22.4   753.91280    6  3  4   705.11262 83.4   753.91202
  5  1  4   729.57899 69.1   753.93153    6  3  4   705.13247 89.1   753.93187
  5  1  4   729.58476 27.4   753.93730    6  3  4   705.13755 27.5   753.93695
  5  1  4   729.60851 70.8   753.96105    6  3  4   705.16159 35.4   753.96099
  5  1  4   729.91806 33.6   754.27060    6  3  4   705.47159 76.2   754.27099
  5  1  4   729.92727 65.1   754.27981    6  3  4   705.48014 88.5   754.27954
  5  1  4   729.95572 16.9   754.30826    6  3  4   705.50949 60.3   754.30889
  5  1  4   730.13655 70.4   754.48909    6  3  4   705.69041 71.9   754.48981

 Searching   6  2  5 near    761.89832
 No   1:   5  1  5       21.78938  reg   739.109 -   741.109
 No   2:   6  1  5       33.17281  reg   727.726 -   729.726
 No   3:   7  3  5       58.66042  reg   702.238 -   704.238
  5  1  5   739.10459 74.2   760.89397    6  1  5   727.72144 79.9   760.89425
  5  1  5   739.11019 89.3   760.89957    6  1  5   727.72753 68.2   760.90034
  5  1  5   739.12332 55.2   760.91270    7  3  5   702.25188 85.6   760.91230
  5  1  5   739.12865 77.2   760.91803    6  1  5   727.74465 72.8   760.91746
                                          7  3  5   702.25799 73.5   760.91841
  5  1  5   739.14894 70.8   760.93832    7  3  5   702.27846 77.1   760.93888
  5  1  5   739.15410 89.8   760.94348    6  1  5   727.77025 43.2   760.94306
  5  1  5   739.15990 58.2   760.94928    7  3  5   702.28851 86.3   760.94893
  5  1  5   739.16996 21.3   760.95934    6  1  5   727.78601 36.5   760.95882
  5  1  5   739.23083 87.3   761.02021    7  3  5   702.35935 10.4   761.01977
  5  1  5   739.23615 51.5   761.02553    7  3  5   702.36540 65.7   761.02582
  5  1  5   739.26393 30.3   761.05331    7  3  5   702.39246 89.8   761.05288
  5  1  5   739.30208 51.1   761.09146    6  1  5   727.91898 81.6   761.09179
  5  1  5   739.31544 57.0   761.10482    6  1  5   727.93174 66.5   761.10455
  5  1  5   739.32123 86.3   761.11061    6  1  5   727.93765 80.6   761.11046
  5  1  5   739.33865 54.8   761.12803    7  3  5   702.46816 67.9   761.12858
  5  1  5   739.36756 84.6   761.15694    6  1  5   727.98356 24.1   761.15637
  5  1  5   739.44616 79.3   761.23554    6  1  5   728.06319 87.2   761.23600
  5  1  5   739.47611 88.1   761.26549    7  3  5   702.60586 69.9   761.26628
  5  1  5   739.57966 16.4   761.36904    7  3  5   702.70938 12.1   761.36980
  5  1  5   739.58606 75.1   761.37544    7  3  5   702.71503 89.4   761.37545
  5  1  5   739.58950 57.2   761.37888    6  1  5   728.20513 46.1   761.37794
                                          7  3  5   702.71910 88.6   761.37952
  5  1  5   739.63919 88.1   761.42857    6  1  5   728.25619 53.3   761.42900
  5  1  5   739.64378 78.5   761.43316    6  1  5   728.26117 46.9   761.43398
  5  1  5   739.65876 61.1   761.44814    7  3  5   702.78851 87.2   761.44893
  5  1  5   739.66439 74.3   761.45377    7  3  5   702.79412 69.0   761.45454
  5  1  5   739.70571 64.7   761.49509    7  3  5   702.83538 82.3   761.49580
  5  1  5   739.73602 87.3   761.52540    7  3  5   702.86408 72.8   761.52450
  5  1  5   739.84412 12.4   761.63350    7  3  5   702.97219 84.9   761.63261
  5  1  5   739.85092 13.2   761.64030    6  1  5   728.46678 43.6   761.63959
  5  1  5   739.87161 13.3   761.66099    7  3  5   703.00146 62.0   761.66188
  5  1  5   739.93703 80.0   761.72641    7  3  5   703.06565 79.2   761.72607
  5  1  5   740.05314 71.7   761.84252    6  1  5   728.66901 17.6   761.84182
                                          7  3  5   703.18166 83.7   761.84208
  5  1  5   740.18919 80.2   761.97857    7  3  5   703.31845 86.1   761.97887
  5  1  5   740.19863 79.9   761.98801    6  1  5   728.81502 56.5   761.98783
  5  1  5   740.20419 82.7   761.99357    6  1  5   728.82096 75.1   761.99377
  5  1  5   740.20953 77.3   761.99891    6  1  5   728.82672 87.9   761.99953
  5  1  5   740.24979 86.1   762.03917    7  3  5   703.37953 79.0   762.03995
  5  1  5   740.26630 67.0   762.05568    7  3  5   703.39586 84.4   762.05628
  5  1  5   740.27124 83.2   762.06062    6  1  5   728.88700 61.5   762.05981
  5  1  5   740.27838 43.4   762.06776    6  1  5   728.89408 49.0   762.06689
  5  1  5   740.34872 79.8   762.13810    7  3  5   703.47747 86.7   762.13789
  5  1  5   740.42431 21.3   762.21369    6  1  5   729.04058 62.2   762.21339
                                          7  3  5   703.55284 89.2   762.21326
  5  1  5   740.44276 89.1   762.23214    6  1  5   729.05854 48.6   762.23135
  5  1  5   740.44766 86.1   762.23704    6  1  5   729.06496 79.1   762.23777
  5  1  5   740.47186 41.0   762.26124    6  1  5   729.08789 63.2   762.26070
  5  1  5   740.53383 33.0   762.32321    6  1  5   729.14947 81.7   762.32228
  5  1  5   740.55755 76.7   762.34693    7  3  5   703.68681 84.8   762.34723
  5  1  5   740.60755 82.4   762.39693    6  1  5   729.22322 45.5   762.39603
  5  1  5   740.61663 85.6   762.40601    6  1  5   729.23346 73.6   762.40627
  5  1  5   740.65065 44.8   762.44003    7  3  5   703.78042 84.2   762.44084
  5  1  5   740.71281 45.9   762.50219    6  1  5   729.32860 89.3   762.50141
  5  1  5   740.71797 56.6   762.50735    6  1  5   729.33438 72.7   762.50719
  5  1  5   740.74260 57.5   762.53198    7  3  5   703.87117 86.5   762.53159
  5  1  5   740.74751 63.8   762.53689    7  3  5   703.87650 87.4   762.53692
  5  1  5   740.76227 35.4   762.55165    7  3  5   703.89177 54.9   762.55219
  5  1  5   740.79446 77.8   762.58384    7  3  5   703.92243 85.4   762.58285
  5  1  5   740.80908 83.3   762.59846    6  1  5   729.42475 29.3   762.59756
  5  1  5   740.81415 30.5   762.60353    7  3  5   703.94392 20.0   762.60434
  5  1  5   740.86521 85.7   762.65459    6  1  5   729.48228 44.1   762.65509
  5  1  5   740.91214 40.5   762.70152    7  3  5   704.04079 84.7   762.70121
  5  1  5   740.91934 29.8   762.70872    6  1  5   729.53514 46.7   762.70795
  5  1  5   740.93554 87.3   762.72492    6  1  5   729.55226 55.7   762.72507
  5  1  5   740.95198 76.5   762.74136    7  3  5   704.08131 53.0   762.74173
  5  1  5   740.98068 70.3   762.77006    6  1  5   729.59772 37.2   762.77053
  5  1  5   741.04138 87.1   762.83076    6  1  5   729.65793 61.5   762.83074
  5  1  5   741.06882 86.1   762.85820    7  3  5   704.19855 71.1   762.85897
  6  1  5   727.74465 72.8   760.91746    7  3  5   702.25799 73.5   760.91841
  6  1  5   727.81920 68.3   760.99201    7  3  5   702.33111 59.8   760.99153
  6  1  5   727.83273 27.4   761.00554    7  3  5   702.34594 88.9   761.00636
  6  1  5   727.86558 20.9   761.03839    7  3  5   702.37840 87.9   761.03882
  6  1  5   727.88405 53.1   761.05686    7  3  5   702.39730 87.0   761.05772
  6  1  5   727.89922 51.1   761.07203    7  3  5   702.41174 75.1   761.07216
  6  1  5   727.92588 44.2   761.09869    7  3  5   702.43815 41.3   761.09857
  6  1  5   727.94413 48.6   761.11694    7  3  5   702.45728 25.4   761.11770
  6  1  5   727.99155 49.7   761.16436    7  3  5   702.50306 58.8   761.16348
  6  1  5   728.02065 41.8   761.19346    7  3  5   702.53365 65.8   761.19407
  6  1  5   728.02652 53.4   761.19933    7  3  5   702.53880 82.2   761.19922
  6  1  5   728.17648 73.5   761.34929    7  3  5   702.68868 80.6   761.34910
  6  1  5   728.19017 51.6   761.36298    7  3  5   702.70323 87.6   761.36365
  6  1  5   728.22880 51.7   761.40161    7  3  5   702.74155 82.9   761.40197
  6  1  5   728.25071 26.8   761.42352    7  3  5   702.76362 89.2   761.42404
  6  1  5   728.26117 46.9   761.43398    7  3  5   702.77449 77.2   761.43491
  6  1  5   728.27085 40.6   761.44366    7  3  5   702.78406 86.3   761.44448
  6  1  5   728.31802 70.6   761.49083    7  3  5   702.83006 82.7   761.49048
  6  1  5   728.36544 42.2   761.53825    7  3  5   702.87856 79.5   761.53898
  6  1  5   728.37087 42.2   761.54368    7  3  5   702.88358 89.9   761.54400
  6  1  5   728.39108 23.4   761.56389    7  3  5   702.90395 11.1   761.56437
  6  1  5   728.42387 21.2   761.59668    7  3  5   702.93575 21.7   761.59617
  6  1  5   728.42947 51.6   761.60228    7  3  5   702.94216 80.1   761.60258
  6  1  5   728.50886 41.8   761.68167    7  3  5   703.02087 72.4   761.68129
  6  1  5   728.58120 36.2   761.75401    7  3  5   703.09392 64.8   761.75434
  6  1  5   728.62592 31.8   761.79873    7  3  5   703.13757 82.6   761.79799
  6  1  5   728.64944 78.7   761.82225    7  3  5   703.16212 62.7   761.82254
  6  1  5   728.66901 17.6   761.84182    7  3  5   703.18166 83.7   761.84208
  6  1  5   728.70049 86.6   761.87330    7  3  5   703.21356 56.7   761.87398
  6  1  5   728.72595 81.6   761.89876    7  3  5   703.23922 83.9   761.89964
  6  1  5   728.73115 62.7   761.90396    7  3  5   703.24402 86.0   761.90444
  6  1  5   728.74112 24.7   761.91393    7  3  5   703.25332 83.3   761.91374
  6  1  5   728.74680 80.9   761.91961    7  3  5   703.25915 60.4   761.91957
  6  1  5   728.82672 87.9   761.99953    7  3  5   703.33955 78.0   761.99997
  6  1  5   728.83233 43.4   762.00514    7  3  5   703.34465 81.9   762.00507
  6  1  5   728.86135 48.0   762.03416    7  3  5   703.37365 88.6   762.03407
  6  1  5   728.89408 49.0   762.06689    7  3  5   703.40605 57.6   762.06647
  6  1  5   728.91822 46.8   762.09103    7  3  5   703.43123 85.9   762.09165
  6  1  5   729.04058 62.2   762.21339    7  3  5   703.55284 89.2   762.21326
  6  1  5   729.09747 14.8   762.27028    7  3  5   703.60946 89.6   762.26988
  6  1  5   729.10708 27.2   762.27989    7  3  5   703.61877 85.2   762.27919
  6  1  5   729.15437 79.0   762.32718    7  3  5   703.66728 76.5   762.32770
  6  1  5   729.22845 74.4   762.40126    7  3  5   703.74083 80.3   762.40125
  6  1  5   729.24092 26.8   762.41373    7  3  5   703.75235 89.8   762.41277
  6  1  5   729.25496 77.1   762.42777    7  3  5   703.76781 54.0   762.42823
  6  1  5   729.30320 61.3   762.47601    7  3  5   703.81473 63.0   762.47515
  6  1  5   729.35403 46.7   762.52684    7  3  5   703.86645 83.6   762.52687
  6  1  5   729.37382 40.5   762.54663    7  3  5   703.88572 36.0   762.54614
  6  1  5   729.41810 61.5   762.59091    7  3  5   703.93075 55.1   762.59117
  6  1  5   729.42475 29.3   762.59756    7  3  5   703.93704 68.7   762.59746
  6  1  5   729.49145 39.1   762.66426    7  3  5   704.00351 87.4   762.66393
  6  1  5   729.52216 47.1   762.69497    7  3  5   704.03450 50.6   762.69492
  6  1  5   729.58967 17.8   762.76248    7  3  5   704.10201 50.8   762.76243

 Searching   7  2  6 near    771.61722
 No   1:   6  1  6       29.60161  reg   741.016 -   743.016
 No   2:   7  1  6       43.41200  reg   727.205 -   729.205
 No   3:   8  3  6       69.93746  reg   700.680 -   702.680
  6  1  6   741.01374 82.3   770.61535    8  3  6   700.67835 84.2   770.61581
  6  1  6   741.02112 88.3   770.62273    7  1  6   727.21145 41.7   770.62345
  6  1  6   741.03537 77.5   770.63698    7  1  6   727.22473 60.0   770.63673
  6  1  6   741.08951 89.9   770.69112    8  3  6   700.75418 44.8   770.69164
  6  1  6   741.16791 73.9   770.76952    7  1  6   727.35832 54.1   770.77032
  6  1  6   741.17395 14.3   770.77556    7  1  6   727.36408 52.9   770.77608
  6  1  6   741.21631 52.7   770.81792    7  1  6   727.40676 52.9   770.81876
  6  1  6   741.24071 36.5   770.84232    7  1  6   727.43060 80.3   770.84260
  6  1  6   741.29495 57.9   770.89656    8  3  6   700.95937 80.7   770.89683
  6  1  6   741.34007 76.1   770.94168    7  1  6   727.52877 31.6   770.94077
  6  1  6   741.37762 55.3   770.97923    8  3  6   701.04165 79.4   770.97911
  6  1  6   741.40654 64.7   771.00815    8  3  6   701.07137 88.6   771.00883
  6  1  6   741.44208 86.8   771.04369    7  1  6   727.63258 40.1   771.04458
  6  1  6   741.45939 72.4   771.06100    7  1  6   727.64848 21.3   771.06048
  6  1  6   741.48483 76.6   771.08644    7  1  6   727.67503 41.3   771.08703
  6  1  6   741.50269 70.0   771.10430    7  1  6   727.69301 24.0   771.10501
  6  1  6   741.55579 79.0   771.15740    7  1  6   727.74465 72.8   771.15665
                                          8  3  6   701.22077 83.3   771.15823
  6  1  6   741.56503 11.8   771.16664    8  3  6   701.22964 87.6   771.16710
  6  1  6   741.57768 88.0   771.17929    8  3  6   701.24228 70.8   771.17974
  6  1  6   741.59714 88.7   771.19875    7  1  6   727.78601 36.5   771.19801
  6  1  6   741.61131 89.4   771.21292    7  1  6   727.80089 46.8   771.21289
  6  1  6   741.62966 85.3   771.23127    7  1  6   727.81920 68.3   771.23120
  6  1  6   741.65340 37.1   771.25501    8  3  6   701.31829 68.9   771.25575
  6  1  6   741.65838 83.2   771.25999    8  3  6   701.32251 79.8   771.25997
  6  1  6   741.66843 75.6   771.27004    8  3  6   701.33255 81.0   771.27001
  6  1  6   741.69826 82.0   771.29987    7  1  6   727.88846 60.3   771.30046
  6  1  6   741.70472 50.4   771.30633    7  1  6   727.89399 81.9   771.30599
  6  1  6   741.72347 70.4   771.32508    7  1  6   727.91397 58.9   771.32597
  6  1  6   741.74257 66.6   771.34418    7  1  6   727.93174 66.5   771.34374
  6  1  6   741.74752 76.0   771.34913    7  1  6   727.93765 80.6   771.34965
                                          8  3  6   701.41149 81.5   771.34895
  6  1  6   741.80123 57.8   771.40284    7  1  6   727.99155 49.7   771.40355
  6  1  6   741.81634 78.5   771.41795    7  1  6   728.00517 60.8   771.41717
  6  1  6   741.82266 84.0   771.42427    8  3  6   701.48660 85.8   771.42406
  6  1  6   741.87789 18.5   771.47950    8  3  6   701.54145 67.6   771.47891
  6  1  6   741.88701 77.7   771.48862    7  1  6   728.07605 54.6   771.48805
  6  1  6   741.92025 70.3   771.52186    8  3  6   701.58514 78.3   771.52260
  6  1  6   741.92720 56.7   771.52881    7  1  6   728.11756 52.3   771.52956
  6  1  6   741.96691 72.4   771.56852    7  1  6   728.15708 47.8   771.56908
  6  1  6   741.98052 81.9   771.58213    7  1  6   728.17063 46.8   771.58263
  6  1  6   741.98599 79.9   771.58760    7  1  6   728.17648 73.5   771.58848
  6  1  6   742.01128 65.7   771.61289    8  3  6   701.67512 82.6   771.61258
  6  1  6   742.03990 83.4   771.64151    7  1  6   728.22880 51.7   771.64080
  6  1  6   742.04487 61.9   771.64648    8  3  6   701.70934 63.1   771.64680
  6  1  6   742.10266 71.6   771.70427    8  3  6   701.76614 76.5   771.70360
  6  1  6   742.16604 79.7   771.76765    7  1  6   728.35573 79.5   771.76773
  6  1  6   742.20125 73.3   771.80286    7  1  6   728.39108 23.4   771.80308
  6  1  6   742.24267 84.1   771.84428    8  3  6   701.90665 86.6   771.84411
  6  1  6   742.25363 77.1   771.85524    7  1  6   728.44312 76.5   771.85512
  6  1  6   742.32782 84.5   771.92943    7  1  6   728.51797 26.7   771.92997
  6  1  6   742.33099 83.4   771.93260    8  3  6   701.99524 35.6   771.93270
  6  1  6   742.35965 85.0   771.96126    8  3  6   702.02471 74.4   771.96217
  6  1  6   742.38547 81.2   771.98708    7  1  6   728.57526 80.8   771.98726
  6  1  6   742.49436 89.4   772.09597    7  1  6   728.68304 60.7   772.09504
                                          8  3  6   702.15856 60.1   772.09602
  6  1  6   742.55770 88.2   772.15931    7  1  6   728.74680 80.9   772.15880
                                          8  3  6   702.22256 13.7   772.16002
  6  1  6   742.66241 88.7   772.26402    7  1  6   728.85219 49.1   772.26419
                                          8  3  6   702.32565 15.4   772.26311
  6  1  6   742.67154 64.5   772.27315    7  1  6   728.86135 48.0   772.27335
                                          8  3  6   702.33562 67.5   772.27308
  6  1  6   742.68288 39.7   772.28449    7  1  6   728.87340 62.4   772.28540
  6  1  6   742.70078 84.6   772.30239    8  3  6   702.36540 65.7   772.30286
  6  1  6   742.75727 42.0   772.35888    8  3  6   702.42219 82.2   772.35965
  6  1  6   742.77244 79.0   772.37405    7  1  6   728.96119 64.2   772.37319
  6  1  6   742.80387 55.4   772.40548    8  3  6   702.46816 67.9   772.40562
  6  1  6   742.89386 61.0   772.49547    8  3  6   702.55882 79.6   772.49628
  6  1  6   743.02014 84.3   772.62175    7  1  6   729.21050 82.9   772.62250
  7  1  6   727.44075 57.8   770.85275    8  3  6   700.91486 25.8   770.85232
  7  1  6   727.47058 57.7   770.88258    8  3  6   700.94478 72.5   770.88224
  7  1  6   727.53418 58.5   770.94618    8  3  6   701.00849 84.1   770.94595
  7  1  6   727.53916 34.9   770.95116    8  3  6   701.01373 87.3   770.95119
  7  1  6   727.54431 28.4   770.95631    8  3  6   701.01804 79.0   770.95550
  7  1  6   727.57243 30.2   770.98443    8  3  6   701.04603 89.1   770.98349
  7  1  6   727.59760 78.6   771.00960    8  3  6   701.07137 88.6   771.00883
  7  1  6   727.60980 17.9   771.02180    8  3  6   701.08467 83.0   771.02213
  7  1  6   727.65960 51.7   771.07160    8  3  6   701.13316 69.0   771.07062
  7  1  6   727.80606 76.0   771.21806    8  3  6   701.28060 56.4   771.21806
  7  1  6   727.84422 23.5   771.25622    8  3  6   701.31829 68.9   771.25575
  7  1  6   727.93765 80.6   771.34965    8  3  6   701.41149 81.5   771.34895
  7  1  6   727.96218 48.9   771.37418    8  3  6   701.43638 77.7   771.37384
  7  1  6   727.98356 24.1   771.39556    8  3  6   701.45812 88.8   771.39558
  7  1  6   728.03356 53.0   771.44556    8  3  6   701.50827 83.2   771.44573
  7  1  6   728.09595 79.3   771.50795    8  3  6   701.57055 38.9   771.50801
  7  1  6   728.12418 49.6   771.53618    8  3  6   701.59775 80.3   771.53521
  7  1  6   728.18189 50.1   771.59389    8  3  6   701.65698 86.9   771.59444
  7  1  6   728.21008 36.2   771.62208    8  3  6   701.68501 67.8   771.62247
  7  1  6   728.33876 68.9   771.75076    8  3  6   701.81336 79.6   771.75082
  7  1  6   728.39605 33.9   771.80805    8  3  6   701.87115 85.0   771.80861
  7  1  6   728.58120 36.2   771.99320    8  3  6   702.05629 68.3   771.99375
  7  1  6   728.66901 17.6   772.08101    8  3  6   702.14409 75.9   772.08155
  7  1  6   728.68304 60.7   772.09504    8  3  6   702.15856 60.1   772.09602
  7  1  6   728.82096 75.1   772.23296    8  3  6   702.29502 18.7   772.23248
  7  1  6   728.86135 48.0   772.27335    8  3  6   702.33562 67.5   772.27308
  7  1  6   728.91822 46.8   772.33022    8  3  6   702.39246 89.8   772.32992
  7  1  6   729.02864 34.6   772.44064    8  3  6   702.50306 58.8   772.44052
  7  1  6   729.05854 48.6   772.47054    8  3  6   702.53365 65.8   772.47111
  7  1  6   729.06496 79.1   772.47696    8  3  6   702.53880 82.2   772.47626
